conv2d_1, Conv2D, 2, 688806, 688804
batch_normalization_1, BatchNormalization, 688807, 1626157, 937350
conv2d_2, Conv2D, 1626158, 2634045, 1007887
batch_normalization_2, BatchNormalization, 2634046, 3582222, 948176
conv2d_3, Conv2D, 3582223, 5029867, 1447644
batch_normalization_3, BatchNormalization, 5029868, 6714391, 1684523
conv2d_4, Conv2D, 6714392, 7233435, 519043
batch_normalization_4, BatchNormalization, 7233436, 7791159, 557723
conv2d_5, Conv2D, 7791160, 9268143, 1476983
batch_normalization_5, BatchNormalization, 9268144, 10528229, 1260085
conv2d_9, Conv2D, 10528230, 10758380, 230150
conv2d_7, Conv2D, 10758381, 10976973, 218592
conv2d_6, Conv2D, 10976974, 11205985, 229011
conv2d_12, Conv2D, 11205986, 11411139, 205153
batch_normalization_9, BatchNormalization, 11411140, 11526721, 115581
batch_normalization_7, BatchNormalization, 11526722, 11612736, 86014
batch_normalization_6, BatchNormalization, 11612737, 11728184, 115447
batch_normalization_12, BatchNormalization, 11728185, 11792780, 64595
conv2d_10, Conv2D, 11792781, 11984110, 191329
conv2d_8, Conv2D, 11984111, 12230731, 246620
batch_normalization_10, BatchNormalization, 12230732, 12390266, 159534
batch_normalization_8, BatchNormalization, 12390267, 12505435, 115168
conv2d_11, Conv2D, 12505436, 12772350, 266914
batch_normalization_11, BatchNormalization, 12772351, 12934018, 161667
conv2d_16, Conv2D, 12934019, 13227109, 293090
conv2d_14, Conv2D, 13227110, 13504778, 277668
conv2d_13, Conv2D, 13504779, 13787372, 282593
conv2d_19, Conv2D, 13787373, 14083759, 296386
batch_normalization_16, BatchNormalization, 14083760, 14199366, 115606
batch_normalization_14, BatchNormalization, 14199367, 14285881, 86514
batch_normalization_13, BatchNormalization, 14285882, 14401530, 115648
batch_normalization_19, BatchNormalization, 14401531, 14517096, 115565
conv2d_17, Conv2D, 14517097, 14709634, 192537
conv2d_15, Conv2D, 14709635, 14957964, 248329
batch_normalization_17, BatchNormalization, 14957965, 15118079, 160114
batch_normalization_15, BatchNormalization, 15118080, 15232901, 114821
conv2d_18, Conv2D, 15232902, 15507687, 274785
batch_normalization_18, BatchNormalization, 15507688, 15668852, 161164
conv2d_23, Conv2D, 15668853, 15987215, 318362
conv2d_21, Conv2D, 15987216, 16291311, 304095
conv2d_20, Conv2D, 16291312, 16606381, 315069
conv2d_26, Conv2D, 16606382, 16922807, 316425
batch_normalization_23, BatchNormalization, 16922808, 17037841, 115033
batch_normalization_21, BatchNormalization, 17037842, 17122499, 84657
batch_normalization_20, BatchNormalization, 17122500, 17237274, 114774
batch_normalization_26, BatchNormalization, 17237275, 17352596, 115321
conv2d_24, Conv2D, 17352597, 17536758, 184161
conv2d_22, Conv2D, 17536759, 17783256, 246497
batch_normalization_24, BatchNormalization, 17783257, 17945813, 162556
batch_normalization_22, BatchNormalization, 17945814, 18061455, 115641
conv2d_25, Conv2D, 18061456, 18338309, 276853
batch_normalization_25, BatchNormalization, 18338310, 18498297, 159987
conv2d_28, Conv2D, 18498298, 18817441, 319143
conv2d_27, Conv2D, 18817442, 21224673, 2407231
batch_normalization_28, BatchNormalization, 21224674, 21339845, 115171
batch_normalization_27, BatchNormalization, 21339846, 21489475, 149629
conv2d_29, Conv2D, 21489476, 21693428, 203952
batch_normalization_29, BatchNormalization, 21693429, 21855520, 162091
conv2d_30, Conv2D, 21855521, 22020557, 165036
batch_normalization_30, BatchNormalization, 22020558, 22062604, 42046
conv2d_35, Conv2D, 22062605, 22329449, 266844
conv2d_32, Conv2D, 22329450, 22575144, 245694
conv2d_31, Conv2D, 22575145, 23068195, 493050
conv2d_40, Conv2D, 23068196, 23605674, 537478
batch_normalization_35, BatchNormalization, 23605675, 23659798, 54123
batch_normalization_32, BatchNormalization, 23659799, 23715094, 55295
batch_normalization_31, BatchNormalization, 23715095, 23793000, 77905
batch_normalization_40, BatchNormalization, 23793001, 23871403, 78402
conv2d_36, Conv2D, 23871404, 24053305, 181901
conv2d_33, Conv2D, 24053306, 24233653, 180347
batch_normalization_36, BatchNormalization, 24233654, 24287023, 53369
batch_normalization_33, BatchNormalization, 24287024, 24341016, 53992
conv2d_37, Conv2D, 24341017, 24476479, 135462
conv2d_34, Conv2D, 24476480, 24721265, 244785
batch_normalization_37, BatchNormalization, 24721266, 24776531, 55265
batch_normalization_34, BatchNormalization, 24776532, 24854975, 78443
conv2d_38, Conv2D, 24854976, 25033516, 178540
batch_normalization_38, BatchNormalization, 25033517, 25086908, 53391
conv2d_39, Conv2D, 25086909, 25328673, 241764
batch_normalization_39, BatchNormalization, 25328674, 25407181, 78507
conv2d_45, Conv2D, 25407182, 25702181, 294999
conv2d_42, Conv2D, 25702182, 25996038, 293856
conv2d_41, Conv2D, 25996039, 26527201, 531162
conv2d_50, Conv2D, 26527202, 27059466, 532264
batch_normalization_45, BatchNormalization, 27059467, 27127219, 67752
batch_normalization_42, BatchNormalization, 27127220, 27192884, 65664
batch_normalization_41, BatchNormalization, 27192885, 27271979, 79094
batch_normalization_50, BatchNormalization, 27271980, 27350172, 78192
conv2d_46, Conv2D, 27350173, 27590076, 239903
conv2d_43, Conv2D, 27590077, 27839155, 249078
batch_normalization_46, BatchNormalization, 27839156, 27905073, 65917
batch_normalization_43, BatchNormalization, 27905074, 27970939, 65865
conv2d_47, Conv2D, 27970940, 28192410, 221470
conv2d_44, Conv2D, 28192411, 28481376, 288965
batch_normalization_47, BatchNormalization, 28481377, 28546616, 65239
batch_normalization_44, BatchNormalization, 28546617, 28624588, 77971
conv2d_48, Conv2D, 28624589, 28835090, 210501
batch_normalization_48, BatchNormalization, 28835091, 28901350, 66259
conv2d_49, Conv2D, 28901351, 29188313, 286962
batch_normalization_49, BatchNormalization, 29188314, 29266829, 78515
conv2d_55, Conv2D, 29266830, 29543115, 276285
conv2d_52, Conv2D, 29543116, 29833752, 290636
conv2d_51, Conv2D, 29833753, 30365816, 532063
conv2d_60, Conv2D, 30365817, 30899009, 533192
batch_normalization_55, BatchNormalization, 30899010, 30964944, 65934
batch_normalization_52, BatchNormalization, 30964945, 31032720, 67775
batch_normalization_51, BatchNormalization, 31032721, 31110927, 78206
batch_normalization_60, BatchNormalization, 31110928, 31189711, 78783
conv2d_56, Conv2D, 31189712, 31432508, 242796
conv2d_53, Conv2D, 31432509, 31673850, 241341
batch_normalization_56, BatchNormalization, 31673851, 31740251, 66400
batch_normalization_53, BatchNormalization, 31740252, 31806181, 65929
conv2d_57, Conv2D, 31806182, 32018201, 212019
conv2d_54, Conv2D, 32018202, 32306479, 288277
batch_normalization_57, BatchNormalization, 32306480, 32372462, 65982
batch_normalization_54, BatchNormalization, 32372463, 32450924, 78461
conv2d_58, Conv2D, 32450925, 32671614, 220689
batch_normalization_58, BatchNormalization, 32671615, 32738619, 67004
conv2d_59, Conv2D, 32738620, 33024729, 286109
batch_normalization_59, BatchNormalization, 33024730, 33102334, 77604
conv2d_65, Conv2D, 33102335, 33630054, 527719
conv2d_62, Conv2D, 33630055, 34157483, 527428
conv2d_61, Conv2D, 34157484, 34684860, 527376
conv2d_70, Conv2D, 34684861, 35211121, 526260
batch_normalization_65, BatchNormalization, 35211122, 35289309, 78187
batch_normalization_62, BatchNormalization, 35289310, 35367682, 78372
batch_normalization_61, BatchNormalization, 35367683, 35445677, 77994
batch_normalization_70, BatchNormalization, 35445678, 35523446, 77768
conv2d_66, Conv2D, 35523447, 35858402, 334955
conv2d_63, Conv2D, 35858403, 36193759, 335356
batch_normalization_66, BatchNormalization, 36193760, 36271606, 77846
batch_normalization_63, BatchNormalization, 36271607, 36350177, 78570
conv2d_67, Conv2D, 36350178, 36685777, 335599
conv2d_64, Conv2D, 36685778, 37085759, 399981
batch_normalization_67, BatchNormalization, 37085760, 37163733, 77973
batch_normalization_64, BatchNormalization, 37163734, 37241649, 77915
conv2d_68, Conv2D, 37241650, 37609192, 367542
batch_normalization_68, BatchNormalization, 37609193, 37686886, 77693
conv2d_69, Conv2D, 37686887, 38021817, 334930
batch_normalization_69, BatchNormalization, 38021818, 38099616, 77798
conv2d_73, Conv2D, 38099617, 38588270, 488653
conv2d_71, Conv2D, 38588271, 39078946, 490675
batch_normalization_73, BatchNormalization, 39078947, 39156636, 77689
batch_normalization_71, BatchNormalization, 39156637, 39234777, 78140
conv2d_74, Conv2D, 39234778, 39580706, 345928
conv2d_72, Conv2D, 39580707, 40015639, 434932
batch_normalization_74, BatchNormalization, 40015640, 40093555, 77915
batch_normalization_72, BatchNormalization, 40093556, 40121886, 28330
conv2d_75, Conv2D, 40121887, 40456269, 334382
batch_normalization_75, BatchNormalization, 40456270, 40534158, 77888
conv2d_76, Conv2D, 40534159, 40801465, 267306
batch_normalization_76, BatchNormalization, 40801466, 40819477, 18011
conv2d_81, Conv2D, 40819478, 41308465, 488987
conv2d_78, Conv2D, 41308466, 41712769, 404303
conv2d_77, Conv2D, 41712770, 42065352, 352582
conv2d_85, Conv2D, 42065353, 42281754, 216401
batch_normalization_81, BatchNormalization, 42281755, 42318843, 37088
batch_normalization_78, BatchNormalization, 42318844, 42349815, 30971
batch_normalization_77, BatchNormalization, 42349816, 42377819, 28003
batch_normalization_85, BatchNormalization, 42377820, 42395878, 18058
conv2d_82, Conv2D, 42395879, 43550661, 1154782
conv2d_79, Conv2D, 43550662, 43904346, 353684
conv2d_80, Conv2D, 43904347, 44264205, 359858
batch_normalization_82, BatchNormalization, 44264206, 44295027, 30821
batch_normalization_79, BatchNormalization, 44295028, 44327355, 32327
batch_normalization_80, BatchNormalization, 44327356, 44359942, 32586
conv2d_83, Conv2D, 44359943, 44715856, 355913
conv2d_84, Conv2D, 44715857, 45073048, 357191
batch_normalization_83, BatchNormalization, 45073049, 45107147, 34098
batch_normalization_84, BatchNormalization, 45107148, 45139858, 32710
conv2d_90, Conv2D, 45139859, 45886570, 746711
conv2d_87, Conv2D, 45886571, 46564780, 678209
conv2d_86, Conv2D, 46564781, 47101871, 537090
conv2d_94, Conv2D, 47101872, 47478637, 376765
batch_normalization_90, BatchNormalization, 47478638, 47514871, 36233
batch_normalization_87, BatchNormalization, 47514872, 47546015, 31143
batch_normalization_86, BatchNormalization, 47546016, 47574500, 28484
batch_normalization_94, BatchNormalization, 47574501, 47591894, 17393
conv2d_91, Conv2D, 47591895, 48758946, 1167051
conv2d_88, Conv2D, 48758947, 49116502, 357555
conv2d_89, Conv2D, 49116503, 49471211, 354708
batch_normalization_91, BatchNormalization, 49471212, 49502122, 30910
batch_normalization_88, BatchNormalization, 49502123, 49533661, 31538
batch_normalization_89, BatchNormalization, 49533662, 49565556, 31894
conv2d_92, Conv2D, 49565557, 49920300, 354743
conv2d_93, Conv2D, 49920301, 50277662, 357361
batch_normalization_92, BatchNormalization, 50277663, 50310066, 32403
batch_normalization_93, BatchNormalization, 50310067, 50341970, 31903
predictions, Dense, 50341971, 51835745, 1493774
Start, Control, 0, 1, 1
End, Control, 51835746, 51835747, 1
