conv2d_1, Conv2D, 2, 690397, 690395
batch_normalization_1, BatchNormalization, 690398, 1627423, 937025
conv2d_2, Conv2D, 1627424, 2634146, 1006722
batch_normalization_2, BatchNormalization, 2634147, 3578966, 944819
conv2d_3, Conv2D, 3578967, 5025475, 1446508
batch_normalization_3, BatchNormalization, 5025476, 6709776, 1684300
conv2d_4, Conv2D, 6709777, 7229170, 519393
batch_normalization_4, BatchNormalization, 7229171, 7787720, 558549
conv2d_5, Conv2D, 7787721, 9267569, 1479848
batch_normalization_5, BatchNormalization, 9267570, 10526862, 1259292
conv2d_9, Conv2D, 10526863, 10757153, 230290
conv2d_7, Conv2D, 10757154, 10975741, 218587
conv2d_6, Conv2D, 10975742, 11205116, 229374
conv2d_12, Conv2D, 11205117, 11410270, 205153
batch_normalization_9, BatchNormalization, 11410271, 11525665, 115394
batch_normalization_7, BatchNormalization, 11525666, 11611589, 85923
batch_normalization_6, BatchNormalization, 11611590, 11727370, 115780
batch_normalization_12, BatchNormalization, 11727371, 11791288, 63917
conv2d_10, Conv2D, 11791289, 11983197, 191908
conv2d_8, Conv2D, 11983198, 12230067, 246869
batch_normalization_10, BatchNormalization, 12230068, 12390326, 160258
batch_normalization_8, BatchNormalization, 12390327, 12506040, 115713
conv2d_11, Conv2D, 12506041, 12773746, 267705
batch_normalization_11, BatchNormalization, 12773747, 12934520, 160773
conv2d_16, Conv2D, 12934521, 13231129, 296608
conv2d_14, Conv2D, 13231130, 13508116, 276986
conv2d_13, Conv2D, 13508117, 13790738, 282621
conv2d_19, Conv2D, 13790739, 14086506, 295767
batch_normalization_16, BatchNormalization, 14086507, 14202078, 115571
batch_normalization_14, BatchNormalization, 14202079, 14289091, 87012
batch_normalization_13, BatchNormalization, 14289092, 14405290, 116198
batch_normalization_19, BatchNormalization, 14405291, 14520765, 115474
conv2d_17, Conv2D, 14520766, 14714592, 193826
conv2d_15, Conv2D, 14714593, 14960666, 246073
batch_normalization_17, BatchNormalization, 14960667, 15121894, 161227
batch_normalization_15, BatchNormalization, 15121895, 15237699, 115804
conv2d_18, Conv2D, 15237700, 15513473, 275773
batch_normalization_18, BatchNormalization, 15513474, 15672849, 159375
conv2d_23, Conv2D, 15672850, 15991411, 318561
conv2d_21, Conv2D, 15991412, 16295794, 304382
conv2d_20, Conv2D, 16295795, 16611193, 315398
conv2d_26, Conv2D, 16611194, 16927846, 316652
batch_normalization_23, BatchNormalization, 16927847, 17043061, 115214
batch_normalization_21, BatchNormalization, 17043062, 17127595, 84533
batch_normalization_20, BatchNormalization, 17127596, 17241786, 114190
batch_normalization_26, BatchNormalization, 17241787, 17357045, 115258
conv2d_24, Conv2D, 17357046, 17542180, 185134
conv2d_22, Conv2D, 17542181, 17789558, 247377
batch_normalization_24, BatchNormalization, 17789559, 17950743, 161184
batch_normalization_22, BatchNormalization, 17950744, 18065850, 115106
conv2d_25, Conv2D, 18065851, 18341862, 276011
batch_normalization_25, BatchNormalization, 18341863, 18502612, 160749
conv2d_28, Conv2D, 18502613, 18821669, 319056
conv2d_27, Conv2D, 18821670, 21229385, 2407715
batch_normalization_28, BatchNormalization, 21229386, 21345414, 116028
batch_normalization_27, BatchNormalization, 21345415, 21495020, 149605
conv2d_29, Conv2D, 21495021, 21699723, 204702
batch_normalization_29, BatchNormalization, 21699724, 21862417, 162693
conv2d_30, Conv2D, 21862418, 22027241, 164823
batch_normalization_30, BatchNormalization, 22027242, 22068337, 41095
conv2d_35, Conv2D, 22068338, 22335028, 266690
conv2d_32, Conv2D, 22335029, 22580642, 245613
conv2d_31, Conv2D, 22580643, 23071929, 491286
conv2d_40, Conv2D, 23071930, 23607108, 535178
batch_normalization_35, BatchNormalization, 23607109, 23661946, 54837
batch_normalization_32, BatchNormalization, 23661947, 23716088, 54141
batch_normalization_31, BatchNormalization, 23716089, 23793829, 77740
batch_normalization_40, BatchNormalization, 23793830, 23873287, 79457
conv2d_36, Conv2D, 23873288, 24055489, 182201
conv2d_33, Conv2D, 24055490, 24234493, 179003
batch_normalization_36, BatchNormalization, 24234494, 24288585, 54091
batch_normalization_33, BatchNormalization, 24288586, 24342946, 54360
conv2d_37, Conv2D, 24342947, 24477751, 134804
conv2d_34, Conv2D, 24477752, 24721165, 243413
batch_normalization_37, BatchNormalization, 24721166, 24776260, 55094
batch_normalization_34, BatchNormalization, 24776261, 24854501, 78240
conv2d_38, Conv2D, 24854502, 25033093, 178591
batch_normalization_38, BatchNormalization, 25033094, 25087148, 54054
conv2d_39, Conv2D, 25087149, 25330971, 243822
batch_normalization_39, BatchNormalization, 25330972, 25409274, 78302
conv2d_45, Conv2D, 25409275, 25703617, 294342
conv2d_42, Conv2D, 25703618, 25997978, 294360
conv2d_41, Conv2D, 25997979, 26530171, 532192
conv2d_50, Conv2D, 26530172, 27061163, 530991
batch_normalization_45, BatchNormalization, 27061164, 27128167, 67003
batch_normalization_42, BatchNormalization, 27128168, 27193979, 65811
batch_normalization_41, BatchNormalization, 27193980, 27272651, 78671
batch_normalization_50, BatchNormalization, 27272652, 27351452, 78800
conv2d_46, Conv2D, 27351453, 27591789, 240336
conv2d_43, Conv2D, 27591790, 27842519, 250729
batch_normalization_46, BatchNormalization, 27842520, 27908963, 66443
batch_normalization_43, BatchNormalization, 27908964, 27975539, 66575
conv2d_47, Conv2D, 27975540, 28196933, 221393
conv2d_44, Conv2D, 28196934, 28487680, 290746
batch_normalization_47, BatchNormalization, 28487681, 28554208, 66527
batch_normalization_44, BatchNormalization, 28554209, 28632560, 78351
conv2d_48, Conv2D, 28632561, 28843401, 210840
batch_normalization_48, BatchNormalization, 28843402, 28908993, 65591
conv2d_49, Conv2D, 28908994, 29196302, 287308
batch_normalization_49, BatchNormalization, 29196303, 29274713, 78410
conv2d_55, Conv2D, 29274714, 29551178, 276464
conv2d_52, Conv2D, 29551179, 29841080, 289901
conv2d_51, Conv2D, 29841081, 30369606, 528525
conv2d_60, Conv2D, 30369607, 30900782, 531175
batch_normalization_55, BatchNormalization, 30900783, 30966785, 66002
batch_normalization_52, BatchNormalization, 30966786, 31033789, 67003
batch_normalization_51, BatchNormalization, 31033790, 31111532, 77742
batch_normalization_60, BatchNormalization, 31111533, 31190154, 78621
conv2d_56, Conv2D, 31190155, 31432506, 242351
conv2d_53, Conv2D, 31432507, 31673251, 240744
batch_normalization_56, BatchNormalization, 31673252, 31739933, 66681
batch_normalization_53, BatchNormalization, 31739934, 31806072, 66138
conv2d_57, Conv2D, 31806073, 32019243, 213170
conv2d_54, Conv2D, 32019244, 32306516, 287272
batch_normalization_57, BatchNormalization, 32306517, 32373765, 67248
batch_normalization_54, BatchNormalization, 32373766, 32452617, 78851
conv2d_58, Conv2D, 32452618, 32673996, 221378
batch_normalization_58, BatchNormalization, 32673997, 32741670, 67673
conv2d_59, Conv2D, 32741671, 33027571, 285900
batch_normalization_59, BatchNormalization, 33027572, 33105284, 77712
conv2d_65, Conv2D, 33105285, 33632385, 527100
conv2d_62, Conv2D, 33632386, 34159444, 527058
conv2d_61, Conv2D, 34159445, 34687511, 528066
conv2d_70, Conv2D, 34687512, 35215202, 527690
batch_normalization_65, BatchNormalization, 35215203, 35293249, 78046
batch_normalization_62, BatchNormalization, 35293250, 35371805, 78555
batch_normalization_61, BatchNormalization, 35371806, 35449528, 77722
batch_normalization_70, BatchNormalization, 35449529, 35527163, 77634
conv2d_66, Conv2D, 35527164, 35860992, 333828
conv2d_63, Conv2D, 35860993, 36196038, 335045
batch_normalization_66, BatchNormalization, 36196039, 36273677, 77638
batch_normalization_63, BatchNormalization, 36273678, 36352339, 78661
conv2d_67, Conv2D, 36352340, 36687551, 335211
conv2d_64, Conv2D, 36687552, 37088056, 400504
batch_normalization_67, BatchNormalization, 37088057, 37165912, 77855
batch_normalization_64, BatchNormalization, 37165913, 37244253, 78340
conv2d_68, Conv2D, 37244254, 37611656, 367402
batch_normalization_68, BatchNormalization, 37611657, 37689018, 77361
conv2d_69, Conv2D, 37689019, 38023615, 334596
batch_normalization_69, BatchNormalization, 38023616, 38101507, 77891
conv2d_73, Conv2D, 38101508, 38591396, 489888
conv2d_71, Conv2D, 38591397, 39081196, 489799
batch_normalization_73, BatchNormalization, 39081197, 39159120, 77923
batch_normalization_71, BatchNormalization, 39159121, 39236831, 77710
conv2d_74, Conv2D, 39236832, 39581487, 344655
conv2d_72, Conv2D, 39581488, 40016506, 435018
batch_normalization_74, BatchNormalization, 40016507, 40094322, 77815
batch_normalization_72, BatchNormalization, 40094323, 40121522, 27199
conv2d_75, Conv2D, 40121523, 40456570, 335047
batch_normalization_75, BatchNormalization, 40456571, 40534716, 78145
conv2d_76, Conv2D, 40534717, 40803349, 268632
batch_normalization_76, BatchNormalization, 40803350, 40821139, 17789
conv2d_81, Conv2D, 40821140, 41308791, 487651
conv2d_78, Conv2D, 41308792, 41712624, 403832
conv2d_77, Conv2D, 41712625, 42062802, 350177
conv2d_85, Conv2D, 42062803, 42279069, 216266
batch_normalization_81, BatchNormalization, 42279070, 42315480, 36410
batch_normalization_78, BatchNormalization, 42315481, 42347205, 31724
batch_normalization_77, BatchNormalization, 42347206, 42373714, 26508
batch_normalization_85, BatchNormalization, 42373715, 42391585, 17870
conv2d_82, Conv2D, 42391586, 43545727, 1154141
conv2d_79, Conv2D, 43545728, 43897782, 352054
conv2d_80, Conv2D, 43897783, 44257464, 359681
batch_normalization_82, BatchNormalization, 44257465, 44287362, 29897
batch_normalization_79, BatchNormalization, 44287363, 44321032, 33669
batch_normalization_80, BatchNormalization, 44321033, 44353028, 31995
conv2d_83, Conv2D, 44353029, 44712111, 359082
conv2d_84, Conv2D, 44712112, 45070005, 357893
batch_normalization_83, BatchNormalization, 45070006, 45103366, 33360
batch_normalization_84, BatchNormalization, 45103367, 45136278, 32911
conv2d_90, Conv2D, 45136279, 45882986, 746707
conv2d_87, Conv2D, 45882987, 46561970, 678983
conv2d_86, Conv2D, 46561971, 47096993, 535022
conv2d_94, Conv2D, 47096994, 47472944, 375950
batch_normalization_90, BatchNormalization, 47472945, 47509086, 36141
batch_normalization_87, BatchNormalization, 47509087, 47541016, 31929
batch_normalization_86, BatchNormalization, 47541017, 47568953, 27936
batch_normalization_94, BatchNormalization, 47568954, 47586828, 17874
conv2d_91, Conv2D, 47586829, 48754977, 1168148
conv2d_88, Conv2D, 48754978, 49110711, 355733
conv2d_89, Conv2D, 49110712, 49465977, 355265
batch_normalization_91, BatchNormalization, 49465978, 49495866, 29888
batch_normalization_88, BatchNormalization, 49495867, 49527968, 32101
batch_normalization_89, BatchNormalization, 49527969, 49559370, 31401
conv2d_92, Conv2D, 49559371, 49915048, 355677
conv2d_93, Conv2D, 49915049, 50272157, 357108
batch_normalization_92, BatchNormalization, 50272158, 50303759, 31601
batch_normalization_93, BatchNormalization, 50303760, 50335782, 32022
predictions, Dense, 50335783, 51828212, 1492429
Start, Control, 0, 1, 1
End, Control, 51828213, 51828214, 1
