conv2d_1, Conv2D, 2, 691429, 691427
batch_normalization_1, BatchNormalization, 691430, 1627942, 936512
conv2d_2, Conv2D, 1627943, 2636349, 1008406
batch_normalization_2, BatchNormalization, 2636350, 3582353, 946003
conv2d_3, Conv2D, 3582354, 5082734, 1500380
batch_normalization_3, BatchNormalization, 5082735, 6768490, 1685755
conv2d_4, Conv2D, 6768491, 7287515, 519024
batch_normalization_4, BatchNormalization, 7287516, 7846958, 559442
conv2d_5, Conv2D, 7846959, 8980418, 1133459
batch_normalization_5, BatchNormalization, 8980419, 10239920, 1259501
conv2d_9, Conv2D, 10239921, 10470497, 230576
conv2d_7, Conv2D, 10470498, 10689835, 219337
conv2d_6, Conv2D, 10689836, 10919002, 229166
conv2d_12, Conv2D, 10919003, 11124031, 205028
batch_normalization_9, BatchNormalization, 11124032, 11239670, 115638
batch_normalization_7, BatchNormalization, 11239671, 11325752, 86081
batch_normalization_6, BatchNormalization, 11325753, 11441664, 115911
batch_normalization_12, BatchNormalization, 11441665, 11506847, 65182
conv2d_10, Conv2D, 11506848, 11694694, 187846
conv2d_8, Conv2D, 11694695, 11869665, 174970
batch_normalization_10, BatchNormalization, 11869666, 12030073, 160407
batch_normalization_8, BatchNormalization, 12030074, 12145561, 115487
conv2d_11, Conv2D, 12145562, 12360112, 214550
batch_normalization_11, BatchNormalization, 12360113, 12522593, 162480
conv2d_16, Conv2D, 12522594, 12815730, 293136
conv2d_14, Conv2D, 12815731, 13094013, 278282
conv2d_13, Conv2D, 13094014, 13387226, 293212
conv2d_19, Conv2D, 13387227, 13677330, 290103
batch_normalization_16, BatchNormalization, 13677331, 13794042, 116711
batch_normalization_14, BatchNormalization, 13794043, 13880863, 86820
batch_normalization_13, BatchNormalization, 13880864, 13996024, 115160
batch_normalization_19, BatchNormalization, 13996025, 14111470, 115445
conv2d_17, Conv2D, 14111471, 14300607, 189136
conv2d_15, Conv2D, 14300608, 14460658, 160050
batch_normalization_17, BatchNormalization, 14460659, 14621617, 160958
batch_normalization_15, BatchNormalization, 14621618, 14736550, 114932
conv2d_18, Conv2D, 14736551, 14949226, 212675
batch_normalization_18, BatchNormalization, 14949227, 15108542, 159315
conv2d_23, Conv2D, 15108543, 15426028, 317485
conv2d_21, Conv2D, 15426029, 15729565, 303536
conv2d_20, Conv2D, 15729566, 16056189, 326623
conv2d_26, Conv2D, 16056190, 16372996, 316806
batch_normalization_23, BatchNormalization, 16372997, 16487883, 114886
batch_normalization_21, BatchNormalization, 16487884, 16572609, 84725
batch_normalization_20, BatchNormalization, 16572610, 16687226, 114616
batch_normalization_26, BatchNormalization, 16687227, 16802038, 114811
conv2d_24, Conv2D, 16802039, 16991471, 189432
conv2d_22, Conv2D, 16991472, 17149991, 158519
batch_normalization_24, BatchNormalization, 17149992, 17311480, 161488
batch_normalization_22, BatchNormalization, 17311481, 17426689, 115208
conv2d_25, Conv2D, 17426690, 17642178, 215488
batch_normalization_25, BatchNormalization, 17642179, 17802816, 160637
conv2d_28, Conv2D, 17802817, 18121234, 318417
conv2d_27, Conv2D, 18121235, 20525787, 2404552
batch_normalization_28, BatchNormalization, 20525788, 20641252, 115464
batch_normalization_27, BatchNormalization, 20641253, 20790388, 149135
conv2d_29, Conv2D, 20790389, 20978793, 188404
batch_normalization_29, BatchNormalization, 20978794, 21140029, 161235
conv2d_30, Conv2D, 21140030, 21304891, 164861
batch_normalization_30, BatchNormalization, 21304892, 21346484, 41592
conv2d_35, Conv2D, 21346485, 21604931, 258446
conv2d_32, Conv2D, 21604932, 21849208, 244276
conv2d_31, Conv2D, 21849209, 22341578, 492369
conv2d_40, Conv2D, 22341579, 22875363, 533784
batch_normalization_35, BatchNormalization, 22875364, 22929557, 54193
batch_normalization_32, BatchNormalization, 22929558, 22983683, 54125
batch_normalization_31, BatchNormalization, 22983684, 23062347, 78663
batch_normalization_40, BatchNormalization, 23062348, 23140571, 78223
conv2d_36, Conv2D, 23140572, 23287163, 146591
conv2d_33, Conv2D, 23287164, 23429848, 142684
batch_normalization_36, BatchNormalization, 23429849, 23483936, 54087
batch_normalization_33, BatchNormalization, 23483937, 23537824, 53887
conv2d_37, Conv2D, 23537825, 23668161, 130336
conv2d_34, Conv2D, 23668162, 23872666, 204504
batch_normalization_37, BatchNormalization, 23872667, 23926851, 54184
batch_normalization_34, BatchNormalization, 23926852, 24005612, 78760
conv2d_38, Conv2D, 24005613, 24152763, 147150
batch_normalization_38, BatchNormalization, 24152764, 24208104, 55340
conv2d_39, Conv2D, 24208105, 24409780, 201675
batch_normalization_39, BatchNormalization, 24409781, 24488545, 78764
conv2d_45, Conv2D, 24488546, 24768229, 279683
conv2d_42, Conv2D, 24768230, 25061779, 293549
conv2d_41, Conv2D, 25061780, 25592697, 530917
conv2d_50, Conv2D, 25592698, 26124056, 531358
batch_normalization_45, BatchNormalization, 26124057, 26191728, 67671
batch_normalization_42, BatchNormalization, 26191729, 26257996, 66267
batch_normalization_41, BatchNormalization, 26257997, 26337278, 79281
batch_normalization_50, BatchNormalization, 26337279, 26416133, 78854
conv2d_46, Conv2D, 26416134, 26609983, 193849
conv2d_43, Conv2D, 26609984, 26815969, 205985
batch_normalization_46, BatchNormalization, 26815970, 26881611, 65641
batch_normalization_43, BatchNormalization, 26881612, 26947359, 65747
conv2d_47, Conv2D, 26947360, 27155311, 207951
conv2d_44, Conv2D, 27155312, 27443112, 287800
batch_normalization_47, BatchNormalization, 27443113, 27509319, 66206
batch_normalization_44, BatchNormalization, 27509320, 27587856, 78536
conv2d_48, Conv2D, 27587857, 27794234, 206377
batch_normalization_48, BatchNormalization, 27794235, 27859252, 65017
conv2d_49, Conv2D, 27859253, 28146264, 287011
batch_normalization_49, BatchNormalization, 28146265, 28224222, 77957
conv2d_55, Conv2D, 28224223, 28503072, 278849
conv2d_52, Conv2D, 28503073, 28780600, 277527
conv2d_51, Conv2D, 28780601, 29311181, 530580
conv2d_60, Conv2D, 29311182, 29843705, 532523
batch_normalization_55, BatchNormalization, 29843706, 29909518, 65812
batch_normalization_52, BatchNormalization, 29909519, 29976378, 66859
batch_normalization_51, BatchNormalization, 29976379, 30054338, 77959
batch_normalization_60, BatchNormalization, 30054339, 30133409, 79070
conv2d_56, Conv2D, 30133410, 30332901, 199491
conv2d_53, Conv2D, 30332902, 30538022, 205120
batch_normalization_56, BatchNormalization, 30538023, 30604267, 66244
batch_normalization_53, BatchNormalization, 30604268, 30671285, 67017
conv2d_57, Conv2D, 30671286, 30873591, 202305
conv2d_54, Conv2D, 30873592, 31160517, 286925
batch_normalization_57, BatchNormalization, 31160518, 31227765, 67247
batch_normalization_54, BatchNormalization, 31227766, 31307012, 79246
conv2d_58, Conv2D, 31307013, 31515853, 208840
batch_normalization_58, BatchNormalization, 31515854, 31581906, 66052
conv2d_59, Conv2D, 31581907, 31866685, 284778
batch_normalization_59, BatchNormalization, 31866686, 31944917, 78231
conv2d_65, Conv2D, 31944918, 32477768, 532850
conv2d_62, Conv2D, 32477769, 33009366, 531597
conv2d_61, Conv2D, 33009367, 33538000, 528633
conv2d_70, Conv2D, 33538001, 34064671, 526670
batch_normalization_65, BatchNormalization, 34064672, 34142754, 78082
batch_normalization_62, BatchNormalization, 34142755, 34221217, 78462
batch_normalization_61, BatchNormalization, 34221218, 34299113, 77895
batch_normalization_70, BatchNormalization, 34299114, 34376522, 77408
conv2d_66, Conv2D, 34376523, 34709857, 333334
conv2d_63, Conv2D, 34709858, 35045302, 335444
batch_normalization_66, BatchNormalization, 35045303, 35123006, 77703
batch_normalization_63, BatchNormalization, 35123007, 35201219, 78212
conv2d_67, Conv2D, 35201220, 35536194, 334974
conv2d_64, Conv2D, 35536195, 35932534, 396339
batch_normalization_67, BatchNormalization, 35932535, 36010770, 78235
batch_normalization_64, BatchNormalization, 36010771, 36088806, 78035
conv2d_68, Conv2D, 36088807, 36423348, 334541
batch_normalization_68, BatchNormalization, 36423349, 36500951, 77602
conv2d_69, Conv2D, 36500952, 36835442, 334490
batch_normalization_69, BatchNormalization, 36835443, 36913346, 77903
conv2d_73, Conv2D, 36913347, 37403663, 490316
conv2d_71, Conv2D, 37403664, 37892099, 488435
batch_normalization_73, BatchNormalization, 37892100, 37969723, 77623
batch_normalization_71, BatchNormalization, 37969724, 38047581, 77857
conv2d_74, Conv2D, 38047582, 38381494, 333912
conv2d_72, Conv2D, 38381495, 38813406, 431911
batch_normalization_74, BatchNormalization, 38813407, 38891500, 78093
batch_normalization_72, BatchNormalization, 38891501, 38919041, 27540
conv2d_75, Conv2D, 38919042, 39253943, 334901
batch_normalization_75, BatchNormalization, 39253944, 39332152, 78208
conv2d_76, Conv2D, 39332153, 39598278, 266125
batch_normalization_76, BatchNormalization, 39598279, 39616297, 18018
conv2d_81, Conv2D, 39616298, 40103661, 487363
conv2d_78, Conv2D, 40103662, 40506576, 402914
conv2d_77, Conv2D, 40506577, 40855401, 348824
conv2d_85, Conv2D, 40855402, 41071056, 215654
batch_normalization_81, BatchNormalization, 41071057, 41108311, 37254
batch_normalization_78, BatchNormalization, 41108312, 41140043, 31731
batch_normalization_77, BatchNormalization, 41140044, 41167436, 27392
batch_normalization_85, BatchNormalization, 41167437, 41185307, 17870
conv2d_82, Conv2D, 41185308, 42337360, 1152052
conv2d_79, Conv2D, 42337361, 42694709, 357348
conv2d_80, Conv2D, 42694710, 43044422, 349712
batch_normalization_82, BatchNormalization, 43044423, 43074532, 30109
batch_normalization_79, BatchNormalization, 43074533, 43108073, 33540
batch_normalization_80, BatchNormalization, 43108074, 43139878, 31804
conv2d_83, Conv2D, 43139879, 43491894, 352015
conv2d_84, Conv2D, 43491895, 43847868, 355973
batch_normalization_83, BatchNormalization, 43847869, 43880121, 32252
batch_normalization_84, BatchNormalization, 43880122, 43913243, 33121
conv2d_90, Conv2D, 43913244, 44657239, 743995
conv2d_87, Conv2D, 44657240, 45335934, 678694
conv2d_86, Conv2D, 45335935, 45869712, 533777
conv2d_94, Conv2D, 45869713, 46246159, 376446
batch_normalization_90, BatchNormalization, 46246160, 46282363, 36203
batch_normalization_87, BatchNormalization, 46282364, 46314304, 31940
batch_normalization_86, BatchNormalization, 46314305, 46342208, 27903
batch_normalization_94, BatchNormalization, 46342209, 46359259, 17050
conv2d_91, Conv2D, 46359260, 47524190, 1164930
conv2d_88, Conv2D, 47524191, 47879742, 355551
conv2d_89, Conv2D, 47879743, 48223458, 343715
batch_normalization_91, BatchNormalization, 48223459, 48253609, 30150
batch_normalization_88, BatchNormalization, 48253610, 48285706, 32096
batch_normalization_89, BatchNormalization, 48285707, 48316677, 30970
conv2d_92, Conv2D, 48316678, 48665509, 348831
conv2d_93, Conv2D, 48665510, 49021158, 355648
batch_normalization_92, BatchNormalization, 49021159, 49052736, 31577
batch_normalization_93, BatchNormalization, 49052737, 49084483, 31746
predictions, Dense, 49084484, 50577527, 1493043
Start, Control, 0, 1, 1
End, Control, 50577528, 50577529, 1
