conv2d_1, Conv2D, 2, 691025, 691023
batch_normalization_1, BatchNormalization, 691026, 1628183, 937157
conv2d_2, Conv2D, 1628184, 2635367, 1007183
batch_normalization_2, BatchNormalization, 2635368, 3581595, 946227
conv2d_3, Conv2D, 3581596, 5172354, 1590758
batch_normalization_3, BatchNormalization, 5172355, 6855745, 1683390
conv2d_4, Conv2D, 6855746, 7375263, 519517
batch_normalization_4, BatchNormalization, 7375264, 7934112, 558848
conv2d_5, Conv2D, 7934113, 10770862, 2836749
batch_normalization_5, BatchNormalization, 10770863, 12031350, 1260487
conv2d_9, Conv2D, 12031351, 12262237, 230886
conv2d_7, Conv2D, 12262238, 12480531, 218293
conv2d_6, Conv2D, 12480532, 12709548, 229016
conv2d_12, Conv2D, 12709549, 12915331, 205782
batch_normalization_9, BatchNormalization, 12915332, 13031117, 115785
batch_normalization_7, BatchNormalization, 13031118, 13117345, 86227
batch_normalization_6, BatchNormalization, 13117346, 13232745, 115399
batch_normalization_12, BatchNormalization, 13232746, 13298397, 65651
conv2d_10, Conv2D, 13298398, 13609961, 311563
conv2d_8, Conv2D, 13609962, 14037938, 427976
batch_normalization_10, BatchNormalization, 14037939, 14197012, 159073
batch_normalization_8, BatchNormalization, 14197013, 14311647, 114634
conv2d_11, Conv2D, 14311648, 14777172, 465524
batch_normalization_11, BatchNormalization, 14777173, 14938640, 161467
conv2d_16, Conv2D, 14938641, 15233304, 294663
conv2d_14, Conv2D, 15233305, 15510481, 277176
conv2d_13, Conv2D, 15510482, 15791841, 281359
conv2d_19, Conv2D, 15791842, 16087720, 295878
batch_normalization_16, BatchNormalization, 16087721, 16202618, 114897
batch_normalization_14, BatchNormalization, 16202619, 16289819, 87200
batch_normalization_13, BatchNormalization, 16289820, 16405855, 116035
batch_normalization_19, BatchNormalization, 16405856, 16521080, 115224
conv2d_17, Conv2D, 16521081, 16832897, 311816
conv2d_15, Conv2D, 16832898, 17261059, 428161
batch_normalization_17, BatchNormalization, 17261060, 17422325, 161265
batch_normalization_15, BatchNormalization, 17422326, 17537377, 115051
conv2d_18, Conv2D, 17537378, 17999696, 462318
batch_normalization_18, BatchNormalization, 17999697, 18160316, 160619
conv2d_23, Conv2D, 18160317, 18478303, 317986
conv2d_21, Conv2D, 18478304, 18782326, 304022
conv2d_20, Conv2D, 18782327, 19098783, 316456
conv2d_26, Conv2D, 19098784, 19415427, 316643
batch_normalization_23, BatchNormalization, 19415428, 19531424, 115996
batch_normalization_21, BatchNormalization, 19531425, 19616258, 84833
batch_normalization_20, BatchNormalization, 19616259, 19730405, 114146
batch_normalization_26, BatchNormalization, 19730406, 19845548, 115142
conv2d_24, Conv2D, 19845549, 20157689, 312140
conv2d_22, Conv2D, 20157690, 20585476, 427786
batch_normalization_24, BatchNormalization, 20585477, 20748035, 162558
batch_normalization_22, BatchNormalization, 20748036, 20863451, 115415
conv2d_25, Conv2D, 20863452, 21326905, 463453
batch_normalization_25, BatchNormalization, 21326906, 21488161, 161255
conv2d_28, Conv2D, 21488162, 21807692, 319530
conv2d_27, Conv2D, 21807693, 24214356, 2406663
batch_normalization_28, BatchNormalization, 24214357, 24330005, 115648
batch_normalization_27, BatchNormalization, 24330006, 24479661, 149655
conv2d_29, Conv2D, 24479662, 24791778, 312116
batch_normalization_29, BatchNormalization, 24791779, 24953113, 161334
conv2d_30, Conv2D, 24953114, 25121047, 167933
batch_normalization_30, BatchNormalization, 25121048, 25162672, 41624
conv2d_35, Conv2D, 25162673, 25432830, 270157
conv2d_32, Conv2D, 25432831, 25680524, 247693
conv2d_31, Conv2D, 25680525, 26173465, 492940
conv2d_40, Conv2D, 26173466, 26709625, 536159
batch_normalization_35, BatchNormalization, 26709626, 26763740, 54114
batch_normalization_32, BatchNormalization, 26763741, 26817965, 54224
batch_normalization_31, BatchNormalization, 26817966, 26896573, 78607
batch_normalization_40, BatchNormalization, 26896574, 26974997, 78423
conv2d_36, Conv2D, 26974998, 27155153, 180155
conv2d_33, Conv2D, 27155154, 27333926, 178772
batch_normalization_36, BatchNormalization, 27333927, 27388340, 54413
batch_normalization_33, BatchNormalization, 27388341, 27443619, 55278
conv2d_37, Conv2D, 27443620, 27614611, 170991
conv2d_34, Conv2D, 27614612, 27868522, 253910
batch_normalization_37, BatchNormalization, 27868523, 27921861, 53338
batch_normalization_34, BatchNormalization, 27921862, 28000833, 78971
conv2d_38, Conv2D, 28000834, 28179150, 178316
batch_normalization_38, BatchNormalization, 28179151, 28233419, 54268
conv2d_39, Conv2D, 28233420, 28486738, 253318
batch_normalization_39, BatchNormalization, 28486739, 28564824, 78085
conv2d_45, Conv2D, 28564825, 28850619, 285794
conv2d_42, Conv2D, 28850620, 29147600, 296980
conv2d_41, Conv2D, 29147601, 29682284, 534683
conv2d_50, Conv2D, 29682285, 30212582, 530297
batch_normalization_45, BatchNormalization, 30212583, 30278978, 66395
batch_normalization_42, BatchNormalization, 30278979, 30344859, 65880
batch_normalization_41, BatchNormalization, 30344860, 30422921, 78061
batch_normalization_50, BatchNormalization, 30422922, 30501359, 78437
conv2d_46, Conv2D, 30501360, 30755025, 253665
conv2d_43, Conv2D, 30755026, 31010064, 255038
batch_normalization_46, BatchNormalization, 31010065, 31075867, 65802
batch_normalization_43, BatchNormalization, 31075868, 31141555, 65687
conv2d_47, Conv2D, 31141556, 31393050, 251494
conv2d_44, Conv2D, 31393051, 31696400, 303349
batch_normalization_47, BatchNormalization, 31696401, 31762117, 65716
batch_normalization_44, BatchNormalization, 31762118, 31841028, 78910
conv2d_48, Conv2D, 31841029, 32093528, 252499
batch_normalization_48, BatchNormalization, 32093529, 32159159, 65630
conv2d_49, Conv2D, 32159160, 32462002, 302842
batch_normalization_49, BatchNormalization, 32462003, 32540570, 78567
conv2d_55, Conv2D, 32540571, 32824551, 283980
conv2d_52, Conv2D, 32824552, 33110442, 285890
conv2d_51, Conv2D, 33110443, 33641294, 530851
conv2d_60, Conv2D, 33641295, 34174791, 533496
batch_normalization_55, BatchNormalization, 34174792, 34240492, 65700
batch_normalization_52, BatchNormalization, 34240493, 34306959, 66466
batch_normalization_51, BatchNormalization, 34306960, 34384646, 77686
batch_normalization_60, BatchNormalization, 34384647, 34462788, 78141
conv2d_56, Conv2D, 34462789, 34716052, 253263
conv2d_53, Conv2D, 34716053, 34968804, 252751
batch_normalization_56, BatchNormalization, 34968805, 35035199, 66394
batch_normalization_53, BatchNormalization, 35035200, 35100656, 65456
conv2d_57, Conv2D, 35100657, 35351813, 251156
conv2d_54, Conv2D, 35351814, 35654456, 302642
batch_normalization_57, BatchNormalization, 35654457, 35720494, 66037
batch_normalization_54, BatchNormalization, 35720495, 35798672, 78177
conv2d_58, Conv2D, 35798673, 36049618, 250945
batch_normalization_58, BatchNormalization, 36049619, 36115837, 66218
conv2d_59, Conv2D, 36115838, 36418873, 303035
batch_normalization_59, BatchNormalization, 36418874, 36497551, 78677
conv2d_65, Conv2D, 36497552, 37025664, 528112
conv2d_62, Conv2D, 37025665, 37552732, 527067
conv2d_61, Conv2D, 37552733, 38079577, 526844
conv2d_70, Conv2D, 38079578, 38606849, 527271
batch_normalization_65, BatchNormalization, 38606850, 38685122, 78272
batch_normalization_62, BatchNormalization, 38685123, 38763517, 78394
batch_normalization_61, BatchNormalization, 38763518, 38841498, 77980
batch_normalization_70, BatchNormalization, 38841499, 38919587, 78088
conv2d_66, Conv2D, 38919588, 39273843, 354255
conv2d_63, Conv2D, 39273844, 39629065, 355221
batch_normalization_66, BatchNormalization, 39629066, 39706792, 77726
batch_normalization_63, BatchNormalization, 39706793, 39785087, 78294
conv2d_67, Conv2D, 39785088, 40139347, 354259
conv2d_64, Conv2D, 40139348, 40540774, 401426
batch_normalization_67, BatchNormalization, 40540775, 40618544, 77769
batch_normalization_64, BatchNormalization, 40618545, 40696483, 77938
conv2d_68, Conv2D, 40696484, 41067683, 371199
batch_normalization_68, BatchNormalization, 41067684, 41145352, 77668
conv2d_69, Conv2D, 41145353, 41500831, 355478
batch_normalization_69, BatchNormalization, 41500832, 41578078, 77246
conv2d_73, Conv2D, 41578079, 42068193, 490114
conv2d_71, Conv2D, 42068194, 42557627, 489433
batch_normalization_73, BatchNormalization, 42557628, 42635457, 77829
batch_normalization_71, BatchNormalization, 42635458, 42713285, 77827
conv2d_74, Conv2D, 42713286, 43067948, 354662
conv2d_72, Conv2D, 43067949, 43508824, 440875
batch_normalization_74, BatchNormalization, 43508825, 43587535, 78710
batch_normalization_72, BatchNormalization, 43587536, 43615017, 27481
conv2d_75, Conv2D, 43615018, 43969237, 354219
batch_normalization_75, BatchNormalization, 43969238, 44047238, 78000
conv2d_76, Conv2D, 44047239, 44319219, 271980
batch_normalization_76, BatchNormalization, 44319220, 44337305, 18085
conv2d_81, Conv2D, 44337306, 44826020, 488714
conv2d_78, Conv2D, 44826021, 45232777, 406756
conv2d_77, Conv2D, 45232778, 45585095, 352317
conv2d_85, Conv2D, 45585096, 45803717, 218621
batch_normalization_81, BatchNormalization, 45803718, 45840022, 36304
batch_normalization_78, BatchNormalization, 45840023, 45871698, 31675
batch_normalization_77, BatchNormalization, 45871699, 45899261, 27562
batch_normalization_85, BatchNormalization, 45899262, 45917199, 17937
conv2d_82, Conv2D, 45917200, 47081209, 1164009
conv2d_79, Conv2D, 47081210, 47438270, 357060
conv2d_80, Conv2D, 47438271, 47799900, 361629
batch_normalization_82, BatchNormalization, 47799901, 47829971, 30070
batch_normalization_79, BatchNormalization, 47829972, 47863547, 33575
batch_normalization_80, BatchNormalization, 47863548, 47895243, 31695
conv2d_83, Conv2D, 47895244, 48254787, 359543
conv2d_84, Conv2D, 48254788, 48614436, 359648
batch_normalization_83, BatchNormalization, 48614437, 48646787, 32350
batch_normalization_84, BatchNormalization, 48646788, 48680143, 33355
conv2d_90, Conv2D, 48680144, 49429779, 749635
conv2d_87, Conv2D, 49429780, 50110916, 681136
conv2d_86, Conv2D, 50110917, 50649074, 538157
conv2d_94, Conv2D, 50649075, 51026941, 377866
batch_normalization_90, BatchNormalization, 51026942, 51063001, 36059
batch_normalization_87, BatchNormalization, 51063002, 51094933, 31931
batch_normalization_86, BatchNormalization, 51094934, 51122837, 27903
batch_normalization_94, BatchNormalization, 51122838, 51140084, 17246
conv2d_91, Conv2D, 51140085, 52315616, 1175531
conv2d_88, Conv2D, 52315617, 52674054, 358437
conv2d_89, Conv2D, 52674055, 53031485, 357430
batch_normalization_91, BatchNormalization, 53031486, 53061781, 30295
batch_normalization_88, BatchNormalization, 53061782, 53093626, 31844
batch_normalization_89, BatchNormalization, 53093627, 53124561, 30934
conv2d_92, Conv2D, 53124562, 53482335, 357773
conv2d_93, Conv2D, 53482336, 53842271, 359935
batch_normalization_92, BatchNormalization, 53842272, 53873955, 31683
batch_normalization_93, BatchNormalization, 53873956, 53905858, 31902
predictions, Dense, 53905859, 55399638, 1493779
Start, Control, 0, 1, 1
End, Control, 55399639, 55399640, 1
