conv2d_1, Conv2D, 2, 714365, 714363
batch_normalization_1, BatchNormalization, 714366, 1651229, 936863
conv2d_2, Conv2D, 1651230, 4782692, 3131462
batch_normalization_2, BatchNormalization, 4782693, 5729522, 946829
conv2d_3, Conv2D, 5729523, 11980137, 6250614
batch_normalization_3, BatchNormalization, 11980138, 13661929, 1681791
conv2d_4, Conv2D, 13661930, 14184644, 522714
batch_normalization_4, BatchNormalization, 14184645, 14742765, 558120
conv2d_5, Conv2D, 14742766, 25693988, 10951222
batch_normalization_5, BatchNormalization, 25693989, 26950309, 1256320
conv2d_9, Conv2D, 26950310, 27203150, 252840
conv2d_7, Conv2D, 27203151, 27430490, 227339
conv2d_6, Conv2D, 27430491, 27682955, 252464
conv2d_12, Conv2D, 27682956, 27890164, 207208
batch_normalization_9, BatchNormalization, 27890165, 28006664, 116499
batch_normalization_7, BatchNormalization, 28006665, 28092627, 85962
batch_normalization_6, BatchNormalization, 28092628, 28207920, 115292
batch_normalization_12, BatchNormalization, 28207921, 28273777, 65856
conv2d_10, Conv2D, 28273778, 29375857, 1102079
conv2d_8, Conv2D, 29375858, 30907173, 1531315
batch_normalization_10, BatchNormalization, 30907174, 31067323, 160149
batch_normalization_8, BatchNormalization, 31067324, 31182109, 114785
conv2d_11, Conv2D, 31182110, 32883248, 1701138
batch_normalization_11, BatchNormalization, 32883249, 33044282, 161033
conv2d_16, Conv2D, 33044283, 33375585, 331302
conv2d_14, Conv2D, 33375586, 33664422, 288836
conv2d_13, Conv2D, 33664423, 33997741, 333318
conv2d_19, Conv2D, 33997742, 34330571, 332829
batch_normalization_16, BatchNormalization, 34330572, 34445973, 115401
batch_normalization_14, BatchNormalization, 34445974, 34533240, 87266
batch_normalization_13, BatchNormalization, 34533241, 34649294, 116053
batch_normalization_19, BatchNormalization, 34649295, 34765046, 115751
conv2d_17, Conv2D, 34765047, 35866415, 1101368
conv2d_15, Conv2D, 35866416, 37396773, 1530357
batch_normalization_17, BatchNormalization, 37396774, 37557007, 160233
batch_normalization_15, BatchNormalization, 37557008, 37672313, 115305
conv2d_18, Conv2D, 37672314, 39373396, 1701082
batch_normalization_18, BatchNormalization, 39373397, 39532420, 159023
conv2d_23, Conv2D, 39532421, 39907952, 375531
conv2d_21, Conv2D, 39907953, 40218383, 310430
conv2d_20, Conv2D, 40218384, 40590605, 372221
conv2d_26, Conv2D, 40590606, 40963514, 372908
batch_normalization_23, BatchNormalization, 40963515, 41078218, 114703
batch_normalization_21, BatchNormalization, 41078219, 41162652, 84433
batch_normalization_20, BatchNormalization, 41162653, 41277997, 115344
batch_normalization_26, BatchNormalization, 41277998, 41393928, 115930
conv2d_24, Conv2D, 41393929, 42497140, 1103211
conv2d_22, Conv2D, 42497141, 44026475, 1529334
batch_normalization_24, BatchNormalization, 44026476, 44187197, 160721
batch_normalization_22, BatchNormalization, 44187198, 44301864, 114666
conv2d_25, Conv2D, 44301865, 46004376, 1702511
batch_normalization_25, BatchNormalization, 46004377, 46164297, 159920
conv2d_28, Conv2D, 46164298, 46538681, 374383
conv2d_27, Conv2D, 46538682, 51349573, 4810891
batch_normalization_28, BatchNormalization, 51349574, 51463706, 114132
batch_normalization_27, BatchNormalization, 51463707, 51612648, 148941
conv2d_29, Conv2D, 51612649, 52714941, 1102292
batch_normalization_29, BatchNormalization, 52714942, 52876354, 161412
conv2d_30, Conv2D, 52876355, 53277081, 400726
batch_normalization_30, BatchNormalization, 53277082, 53318169, 41087
conv2d_35, Conv2D, 53318170, 54162081, 843911
conv2d_32, Conv2D, 54162082, 54947061, 784979
conv2d_31, Conv2D, 54947062, 56140926, 1193864
conv2d_40, Conv2D, 56140927, 57346600, 1205673
batch_normalization_35, BatchNormalization, 57346601, 57401255, 54654
batch_normalization_32, BatchNormalization, 57401256, 57455116, 53860
batch_normalization_31, BatchNormalization, 57455117, 57532815, 77698
batch_normalization_40, BatchNormalization, 57532816, 57610808, 77992
conv2d_36, Conv2D, 57610809, 58141906, 531097
conv2d_33, Conv2D, 58141907, 58673655, 531748
batch_normalization_36, BatchNormalization, 58673656, 58727024, 53368
batch_normalization_33, BatchNormalization, 58727025, 58780639, 53614
conv2d_37, Conv2D, 58780640, 59312167, 531527
conv2d_34, Conv2D, 59312168, 60107834, 795666
batch_normalization_37, BatchNormalization, 60107835, 60161676, 53841
batch_normalization_34, BatchNormalization, 60161677, 60239684, 78007
conv2d_38, Conv2D, 60239685, 60774115, 534430
batch_normalization_38, BatchNormalization, 60774116, 60828216, 54100
conv2d_39, Conv2D, 60828217, 61624301, 796084
batch_normalization_39, BatchNormalization, 61624302, 61702080, 77778
conv2d_45, Conv2D, 61702081, 62676595, 974514
conv2d_42, Conv2D, 62676596, 63664708, 988112
conv2d_41, Conv2D, 63664709, 64846427, 1181718
conv2d_50, Conv2D, 64846428, 66081918, 1235490
batch_normalization_45, BatchNormalization, 66081919, 66149005, 67086
batch_normalization_42, BatchNormalization, 66149006, 66214274, 65268
batch_normalization_41, BatchNormalization, 66214275, 66291831, 77556
batch_normalization_50, BatchNormalization, 66291832, 66370494, 78662
conv2d_46, Conv2D, 66370495, 67193292, 822797
conv2d_43, Conv2D, 67193293, 68016925, 823632
batch_normalization_46, BatchNormalization, 68016926, 68082475, 65549
batch_normalization_43, BatchNormalization, 68082476, 68147896, 65420
conv2d_47, Conv2D, 68147897, 68970685, 822788
conv2d_44, Conv2D, 68970686, 69955878, 985192
batch_normalization_47, BatchNormalization, 69955879, 70021163, 65284
batch_normalization_44, BatchNormalization, 70021164, 70099163, 77999
conv2d_48, Conv2D, 70099164, 70926260, 827096
batch_normalization_48, BatchNormalization, 70926261, 70991432, 65171
conv2d_49, Conv2D, 70991433, 71976951, 985518
batch_normalization_49, BatchNormalization, 71976952, 72055000, 78048
conv2d_55, Conv2D, 72055001, 73044070, 989069
conv2d_52, Conv2D, 73044071, 74013390, 969319
conv2d_51, Conv2D, 74013391, 75204722, 1191331
conv2d_60, Conv2D, 75204723, 76397440, 1192717
batch_normalization_55, BatchNormalization, 76397441, 76463441, 66000
batch_normalization_52, BatchNormalization, 76463442, 76530425, 66983
batch_normalization_51, BatchNormalization, 76530426, 76607837, 77411
batch_normalization_60, BatchNormalization, 76607838, 76685734, 77896
conv2d_56, Conv2D, 76685735, 77510414, 824679
conv2d_53, Conv2D, 77510415, 78335789, 825374
batch_normalization_56, BatchNormalization, 78335790, 78402019, 66229
batch_normalization_53, BatchNormalization, 78402020, 78468535, 66515
conv2d_57, Conv2D, 78468536, 79292412, 823876
conv2d_54, Conv2D, 79292413, 80283224, 990811
batch_normalization_57, BatchNormalization, 80283225, 80349432, 66207
batch_normalization_54, BatchNormalization, 80349433, 80427661, 78228
conv2d_58, Conv2D, 80427662, 81253567, 825905
batch_normalization_58, BatchNormalization, 81253568, 81319745, 66177
conv2d_59, Conv2D, 81319746, 82306294, 986548
batch_normalization_59, BatchNormalization, 82306295, 82384147, 77852
conv2d_65, Conv2D, 82384148, 83545533, 1161385
conv2d_62, Conv2D, 83545534, 84803721, 1258187
conv2d_61, Conv2D, 84803722, 86008559, 1204837
conv2d_70, Conv2D, 86008560, 87172811, 1164251
batch_normalization_65, BatchNormalization, 87172812, 87250896, 78084
batch_normalization_62, BatchNormalization, 87250897, 87329340, 78443
batch_normalization_61, BatchNormalization, 87329341, 87407219, 77878
batch_normalization_70, BatchNormalization, 87407220, 87484733, 77513
conv2d_66, Conv2D, 87484734, 88672254, 1187520
conv2d_63, Conv2D, 88672255, 89854723, 1182468
batch_normalization_66, BatchNormalization, 89854724, 89932548, 77824
batch_normalization_63, BatchNormalization, 89932549, 90010931, 78382
conv2d_67, Conv2D, 90010932, 91191449, 1180517
conv2d_64, Conv2D, 91191450, 92377945, 1186495
batch_normalization_67, BatchNormalization, 92377946, 92456365, 78419
batch_normalization_64, BatchNormalization, 92456366, 92534480, 78114
conv2d_68, Conv2D, 92534481, 93714918, 1180437
batch_normalization_68, BatchNormalization, 93714919, 93792348, 77429
conv2d_69, Conv2D, 93792349, 94974202, 1181853
batch_normalization_69, BatchNormalization, 94974203, 95052414, 78211
conv2d_73, Conv2D, 95052415, 96232979, 1180564
conv2d_71, Conv2D, 96232980, 97415391, 1182411
batch_normalization_73, BatchNormalization, 97415392, 97493113, 77721
batch_normalization_71, BatchNormalization, 97493114, 97571232, 78118
conv2d_74, Conv2D, 97571233, 98751242, 1180009
conv2d_72, Conv2D, 98751243, 99333040, 581797
batch_normalization_74, BatchNormalization, 99333041, 99411261, 78220
batch_normalization_72, BatchNormalization, 99411262, 99438251, 26989
conv2d_75, Conv2D, 99438252, 100625614, 1187362
batch_normalization_75, BatchNormalization, 100625615, 100703785, 78170
conv2d_76, Conv2D, 100703786, 101057896, 354110
batch_normalization_76, BatchNormalization, 101057897, 101075984, 18087
conv2d_81, Conv2D, 101075985, 101750784, 674799
conv2d_78, Conv2D, 101750785, 102267957, 517172
conv2d_77, Conv2D, 102267958, 102700770, 432812
conv2d_85, Conv2D, 102700771, 102962262, 261491
batch_normalization_81, BatchNormalization, 102962263, 103000214, 37951
batch_normalization_78, BatchNormalization, 103000215, 103030605, 30390
batch_normalization_77, BatchNormalization, 103030606, 103058525, 27919
batch_normalization_85, BatchNormalization, 103058526, 103076605, 18079
conv2d_82, Conv2D, 103076606, 104643594, 1566988
conv2d_79, Conv2D, 104643595, 105109298, 465703
conv2d_80, Conv2D, 105109299, 105574703, 465404
batch_normalization_82, BatchNormalization, 105574704, 105605676, 30972
batch_normalization_79, BatchNormalization, 105605677, 105639320, 33643
batch_normalization_80, BatchNormalization, 105639321, 105672746, 33425
conv2d_83, Conv2D, 105672747, 106141492, 468745
conv2d_84, Conv2D, 106141493, 106608669, 467176
batch_normalization_83, BatchNormalization, 106608670, 106641573, 32903
batch_normalization_84, BatchNormalization, 106641574, 106673311, 31737
conv2d_90, Conv2D, 106673312, 107755996, 1082684
conv2d_87, Conv2D, 107755997, 108571027, 815030
conv2d_86, Conv2D, 108571028, 109250735, 679707
conv2d_94, Conv2D, 109250736, 109665007, 414271
batch_normalization_90, BatchNormalization, 109665008, 109701990, 36982
batch_normalization_87, BatchNormalization, 109701991, 109734060, 32069
batch_normalization_86, BatchNormalization, 109734061, 109762163, 28102
batch_normalization_94, BatchNormalization, 109762164, 109779879, 17715
conv2d_91, Conv2D, 109779880, 111349129, 1569249
conv2d_88, Conv2D, 111349130, 111812831, 463701
conv2d_89, Conv2D, 111812832, 112274478, 461646
batch_normalization_91, BatchNormalization, 112274479, 112305979, 31500
batch_normalization_88, BatchNormalization, 112305980, 112338471, 32491
batch_normalization_89, BatchNormalization, 112338472, 112370573, 32101
conv2d_92, Conv2D, 112370574, 112833319, 462745
conv2d_93, Conv2D, 112833320, 113296982, 463662
batch_normalization_92, BatchNormalization, 113296983, 113328703, 31720
batch_normalization_93, BatchNormalization, 113328704, 113361231, 32527
predictions, Dense, 113361232, 114865458, 1504226
Start, Control, 0, 1, 1
End, Control, 114865459, 114865460, 1
