conv2d_1, Conv2D, 2, 691668, 691666
batch_normalization_1, BatchNormalization, 691669, 1628039, 936370
conv2d_2, Conv2D, 1628040, 2633472, 1005432
batch_normalization_2, BatchNormalization, 2633473, 3579704, 946231
conv2d_3, Conv2D, 3579705, 5082044, 1502339
batch_normalization_3, BatchNormalization, 5082045, 6766564, 1684519
conv2d_4, Conv2D, 6766565, 7287070, 520505
batch_normalization_4, BatchNormalization, 7287071, 7845746, 558675
conv2d_5, Conv2D, 7845747, 9324140, 1478393
batch_normalization_5, BatchNormalization, 9324141, 10583105, 1258964
conv2d_9, Conv2D, 10583106, 10813375, 230269
conv2d_7, Conv2D, 10813376, 11032054, 218678
conv2d_6, Conv2D, 11032055, 11261015, 228960
conv2d_12, Conv2D, 11261016, 11466078, 205062
batch_normalization_9, BatchNormalization, 11466079, 11581892, 115813
batch_normalization_7, BatchNormalization, 11581893, 11667951, 86058
batch_normalization_6, BatchNormalization, 11667952, 11782951, 114999
batch_normalization_12, BatchNormalization, 11782952, 11847273, 64321
conv2d_10, Conv2D, 11847274, 12039375, 192101
conv2d_8, Conv2D, 12039376, 12286543, 247167
batch_normalization_10, BatchNormalization, 12286544, 12445566, 159022
batch_normalization_8, BatchNormalization, 12445567, 12561311, 115744
conv2d_11, Conv2D, 12561312, 12828993, 267681
batch_normalization_11, BatchNormalization, 12828994, 12989713, 160719
conv2d_16, Conv2D, 12989714, 13282956, 293242
conv2d_14, Conv2D, 13282957, 13560395, 277438
conv2d_13, Conv2D, 13560396, 13854330, 293934
conv2d_19, Conv2D, 13854331, 14150252, 295921
batch_normalization_16, BatchNormalization, 14150253, 14265630, 115377
batch_normalization_14, BatchNormalization, 14265631, 14352310, 86679
batch_normalization_13, BatchNormalization, 14352311, 14467494, 115183
batch_normalization_19, BatchNormalization, 14467495, 14582850, 115355
conv2d_17, Conv2D, 14582851, 14774452, 191601
conv2d_15, Conv2D, 14774453, 15021375, 246922
batch_normalization_17, BatchNormalization, 15021376, 15181966, 160590
batch_normalization_15, BatchNormalization, 15181967, 15297135, 115168
conv2d_18, Conv2D, 15297136, 15563084, 265948
batch_normalization_18, BatchNormalization, 15563085, 15723011, 159926
conv2d_23, Conv2D, 15723012, 16040782, 317770
conv2d_21, Conv2D, 16040783, 16345128, 304345
conv2d_20, Conv2D, 16345129, 16664360, 319231
conv2d_26, Conv2D, 16664361, 16980363, 316002
batch_normalization_23, BatchNormalization, 16980364, 17095592, 115228
batch_normalization_21, BatchNormalization, 17095593, 17180976, 85383
batch_normalization_20, BatchNormalization, 17180977, 17296956, 115979
batch_normalization_26, BatchNormalization, 17296957, 17411923, 114966
conv2d_24, Conv2D, 17411924, 17603972, 192048
conv2d_22, Conv2D, 17603973, 17849593, 245620
batch_normalization_24, BatchNormalization, 17849594, 18012138, 162544
batch_normalization_22, BatchNormalization, 18012139, 18127288, 115149
conv2d_25, Conv2D, 18127289, 18395350, 268061
batch_normalization_25, BatchNormalization, 18395351, 18556054, 160703
conv2d_28, Conv2D, 18556055, 18874347, 318292
conv2d_27, Conv2D, 18874348, 21282019, 2407671
batch_normalization_28, BatchNormalization, 21282020, 21397804, 115784
batch_normalization_27, BatchNormalization, 21397805, 21546908, 149103
conv2d_29, Conv2D, 21546909, 21738833, 191924
batch_normalization_29, BatchNormalization, 21738834, 21901929, 163095
conv2d_30, Conv2D, 21901930, 22068022, 166092
batch_normalization_30, BatchNormalization, 22068023, 22109258, 41235
conv2d_35, Conv2D, 22109259, 22369131, 259872
conv2d_32, Conv2D, 22369132, 22615512, 246380
conv2d_31, Conv2D, 22615513, 23108654, 493141
conv2d_40, Conv2D, 23108655, 23642811, 534156
batch_normalization_35, BatchNormalization, 23642812, 23697523, 54711
batch_normalization_32, BatchNormalization, 23697524, 23752359, 54835
batch_normalization_31, BatchNormalization, 23752360, 23830672, 78312
batch_normalization_40, BatchNormalization, 23830673, 23908866, 78193
conv2d_36, Conv2D, 23908867, 24061197, 152330
conv2d_33, Conv2D, 24061198, 24239669, 178471
batch_normalization_36, BatchNormalization, 24239670, 24293639, 53969
batch_normalization_33, BatchNormalization, 24293640, 24347378, 53738
conv2d_37, Conv2D, 24347379, 24483759, 136380
conv2d_34, Conv2D, 24483760, 24724122, 240362
batch_normalization_37, BatchNormalization, 24724123, 24778321, 54198
batch_normalization_34, BatchNormalization, 24778322, 24856482, 78160
conv2d_38, Conv2D, 24856483, 25034918, 178435
batch_normalization_38, BatchNormalization, 25034919, 25088723, 53804
conv2d_39, Conv2D, 25088724, 25314950, 226226
batch_normalization_39, BatchNormalization, 25314951, 25393363, 78412
conv2d_45, Conv2D, 25393364, 25674985, 281621
conv2d_42, Conv2D, 25674986, 25968222, 293236
conv2d_41, Conv2D, 25968223, 26500978, 532755
conv2d_50, Conv2D, 26500979, 27032557, 531578
batch_normalization_45, BatchNormalization, 27032558, 27099222, 66664
batch_normalization_42, BatchNormalization, 27099223, 27164791, 65568
batch_normalization_41, BatchNormalization, 27164792, 27243361, 78569
batch_normalization_50, BatchNormalization, 27243362, 27322683, 79321
conv2d_46, Conv2D, 27322684, 27563378, 240694
conv2d_43, Conv2D, 27563379, 27813978, 250599
batch_normalization_46, BatchNormalization, 27813979, 27880290, 66311
batch_normalization_43, BatchNormalization, 27880291, 27947044, 66753
conv2d_47, Conv2D, 27947045, 28181684, 234639
conv2d_44, Conv2D, 28181685, 28469727, 288042
batch_normalization_47, BatchNormalization, 28469728, 28535417, 65689
batch_normalization_44, BatchNormalization, 28535418, 28613592, 78174
conv2d_48, Conv2D, 28613593, 28848888, 235295
batch_normalization_48, BatchNormalization, 28848889, 28914339, 65450
conv2d_49, Conv2D, 28914340, 29198781, 284441
batch_normalization_49, BatchNormalization, 29198782, 29277560, 78778
conv2d_55, Conv2D, 29277561, 29556565, 279004
conv2d_52, Conv2D, 29556566, 29839524, 282958
conv2d_51, Conv2D, 29839525, 30370736, 531211
conv2d_60, Conv2D, 30370737, 30903798, 533061
batch_normalization_55, BatchNormalization, 30903799, 30969698, 65899
batch_normalization_52, BatchNormalization, 30969699, 31035917, 66218
batch_normalization_51, BatchNormalization, 31035918, 31113918, 78000
batch_normalization_60, BatchNormalization, 31113919, 31192172, 78253
conv2d_56, Conv2D, 31192173, 31433702, 241529
conv2d_53, Conv2D, 31433703, 31668001, 234298
batch_normalization_56, BatchNormalization, 31668002, 31734514, 66512
batch_normalization_53, BatchNormalization, 31734515, 31800618, 66103
conv2d_57, Conv2D, 31800619, 32010536, 209917
conv2d_54, Conv2D, 32010537, 32297758, 287221
batch_normalization_57, BatchNormalization, 32297759, 32364811, 67052
batch_normalization_54, BatchNormalization, 32364812, 32444319, 79507
conv2d_58, Conv2D, 32444320, 32665742, 221422
batch_normalization_58, BatchNormalization, 32665743, 32732838, 67095
conv2d_59, Conv2D, 32732839, 33017764, 284925
batch_normalization_59, BatchNormalization, 33017765, 33096177, 78412
conv2d_65, Conv2D, 33096178, 33623115, 526937
conv2d_62, Conv2D, 33623116, 34149816, 526700
conv2d_61, Conv2D, 34149817, 34677913, 528096
conv2d_70, Conv2D, 34677914, 35204424, 526510
batch_normalization_65, BatchNormalization, 35204425, 35282475, 78050
batch_normalization_62, BatchNormalization, 35282476, 35360994, 78518
batch_normalization_61, BatchNormalization, 35360995, 35439080, 78085
batch_normalization_70, BatchNormalization, 35439081, 35516849, 77768
conv2d_66, Conv2D, 35516850, 35851656, 334806
conv2d_63, Conv2D, 35851657, 36186942, 335285
batch_normalization_66, BatchNormalization, 36186943, 36264591, 77648
batch_normalization_63, BatchNormalization, 36264592, 36343143, 78551
conv2d_67, Conv2D, 36343144, 36678300, 335156
conv2d_64, Conv2D, 36678301, 37078088, 399787
batch_normalization_67, BatchNormalization, 37078089, 37155889, 77800
batch_normalization_64, BatchNormalization, 37155890, 37234653, 78763
conv2d_68, Conv2D, 37234654, 37601304, 366650
batch_normalization_68, BatchNormalization, 37601305, 37678548, 77243
conv2d_69, Conv2D, 37678549, 38013829, 335280
batch_normalization_69, BatchNormalization, 38013830, 38091413, 77583
conv2d_73, Conv2D, 38091414, 38580795, 489381
conv2d_71, Conv2D, 38580796, 39071559, 490763
batch_normalization_73, BatchNormalization, 39071560, 39149321, 77761
batch_normalization_71, BatchNormalization, 39149322, 39227265, 77943
conv2d_74, Conv2D, 39227266, 39561660, 334394
conv2d_72, Conv2D, 39561661, 39995761, 434100
batch_normalization_74, BatchNormalization, 39995762, 40073753, 77991
batch_normalization_72, BatchNormalization, 40073754, 40101026, 27272
conv2d_75, Conv2D, 40101027, 40435608, 334581
batch_normalization_75, BatchNormalization, 40435609, 40513788, 78179
conv2d_76, Conv2D, 40513789, 40781681, 267892
batch_normalization_76, BatchNormalization, 40781682, 40799693, 18011
conv2d_81, Conv2D, 40799694, 41287145, 487451
conv2d_78, Conv2D, 41287146, 41691201, 404055
conv2d_77, Conv2D, 41691202, 42040031, 348829
conv2d_85, Conv2D, 42040032, 42255384, 215352
batch_normalization_81, BatchNormalization, 42255385, 42291673, 36288
batch_normalization_78, BatchNormalization, 42291674, 42323448, 31774
batch_normalization_77, BatchNormalization, 42323449, 42350804, 27355
batch_normalization_85, BatchNormalization, 42350805, 42368769, 17964
conv2d_82, Conv2D, 42368770, 43524695, 1155925
conv2d_79, Conv2D, 43524696, 43882788, 358092
conv2d_80, Conv2D, 43882789, 44240637, 357848
batch_normalization_82, BatchNormalization, 44240638, 44270608, 29970
batch_normalization_79, BatchNormalization, 44270609, 44305013, 34404
batch_normalization_80, BatchNormalization, 44305014, 44336687, 31673
conv2d_83, Conv2D, 44336688, 44694870, 358182
conv2d_84, Conv2D, 44694871, 45048332, 353461
batch_normalization_83, BatchNormalization, 45048333, 45080585, 32252
batch_normalization_84, BatchNormalization, 45080586, 45113150, 32564
conv2d_90, Conv2D, 45113151, 45860445, 747294
conv2d_87, Conv2D, 45860446, 46538989, 678543
conv2d_86, Conv2D, 46538990, 47073748, 534758
conv2d_94, Conv2D, 47073749, 47450424, 376675
batch_normalization_90, BatchNormalization, 47450425, 47486567, 36142
batch_normalization_87, BatchNormalization, 47486568, 47518476, 31908
batch_normalization_86, BatchNormalization, 47518477, 47546541, 28064
batch_normalization_94, BatchNormalization, 47546542, 47564610, 18068
conv2d_91, Conv2D, 47564611, 48732535, 1167924
conv2d_88, Conv2D, 48732536, 49079037, 346501
conv2d_89, Conv2D, 49079038, 49424024, 344986
batch_normalization_91, BatchNormalization, 49424025, 49454422, 30397
batch_normalization_88, BatchNormalization, 49454423, 49486518, 32095
batch_normalization_89, BatchNormalization, 49486519, 49517335, 30816
conv2d_92, Conv2D, 49517336, 49865411, 348075
conv2d_93, Conv2D, 49865412, 50218367, 352955
batch_normalization_92, BatchNormalization, 50218368, 50250280, 31912
batch_normalization_93, BatchNormalization, 50250281, 50282211, 31930
predictions, Dense, 50282212, 51780629, 1498417
Start, Control, 0, 1, 1
End, Control, 51780630, 51780631, 1
