conv2d_1, Conv2D, 2, 690356, 690354
batch_normalization_1, BatchNormalization, 690357, 1626772, 936415
conv2d_2, Conv2D, 1626773, 3205126, 1578353
batch_normalization_2, BatchNormalization, 3205127, 4150260, 945133
conv2d_3, Conv2D, 4150261, 7290392, 3140131
batch_normalization_3, BatchNormalization, 7290393, 8973902, 1683509
conv2d_4, Conv2D, 8973903, 9494422, 520519
batch_normalization_4, BatchNormalization, 9494423, 10052933, 558510
conv2d_5, Conv2D, 10052934, 15611376, 5558442
batch_normalization_5, BatchNormalization, 15611377, 16871557, 1260180
conv2d_9, Conv2D, 16871558, 17109903, 238345
conv2d_7, Conv2D, 17109904, 17334524, 224620
conv2d_6, Conv2D, 17334525, 17564338, 229813
conv2d_12, Conv2D, 17564339, 17769594, 205255
batch_normalization_9, BatchNormalization, 17769595, 17885764, 116169
batch_normalization_7, BatchNormalization, 17885765, 17971903, 86138
batch_normalization_6, BatchNormalization, 17971904, 18086587, 114683
batch_normalization_12, BatchNormalization, 18086588, 18151496, 64908
conv2d_10, Conv2D, 18151497, 18721358, 569861
conv2d_8, Conv2D, 18721359, 19487064, 765705
batch_normalization_10, BatchNormalization, 19487065, 19646898, 159833
batch_normalization_8, BatchNormalization, 19646899, 19762684, 115785
conv2d_11, Conv2D, 19762685, 20602050, 839365
batch_normalization_11, BatchNormalization, 20602051, 20762578, 160527
conv2d_16, Conv2D, 20762579, 21058089, 295510
conv2d_14, Conv2D, 21058090, 21341733, 283643
conv2d_13, Conv2D, 21341734, 21638150, 296416
conv2d_19, Conv2D, 21638151, 21936594, 298443
batch_normalization_16, BatchNormalization, 21936595, 22051225, 114630
batch_normalization_14, BatchNormalization, 22051226, 22138366, 87140
batch_normalization_13, BatchNormalization, 22138367, 22254329, 115962
batch_normalization_19, BatchNormalization, 22254330, 22370157, 115827
conv2d_17, Conv2D, 22370158, 22941537, 571379
conv2d_15, Conv2D, 22941538, 23704721, 763183
batch_normalization_17, BatchNormalization, 23704722, 23865940, 161218
batch_normalization_15, BatchNormalization, 23865941, 23981184, 115243
conv2d_18, Conv2D, 23981185, 24817830, 836645
batch_normalization_18, BatchNormalization, 24817831, 24977703, 159872
conv2d_23, Conv2D, 24977704, 25298817, 321113
conv2d_21, Conv2D, 25298818, 25604394, 305576
conv2d_20, Conv2D, 25604395, 25924199, 319804
conv2d_26, Conv2D, 25924200, 26243080, 318880
batch_normalization_23, BatchNormalization, 26243081, 26357901, 114820
batch_normalization_21, BatchNormalization, 26357902, 26442342, 84440
batch_normalization_20, BatchNormalization, 26442343, 26557425, 115082
batch_normalization_26, BatchNormalization, 26557426, 26671995, 114569
conv2d_24, Conv2D, 26671996, 27239336, 567340
conv2d_22, Conv2D, 27239337, 28001801, 762464
batch_normalization_24, BatchNormalization, 28001802, 28164121, 162319
batch_normalization_22, BatchNormalization, 28164122, 28279237, 115115
conv2d_25, Conv2D, 28279238, 29118686, 839448
batch_normalization_25, BatchNormalization, 29118687, 29278558, 159871
conv2d_28, Conv2D, 29278559, 29601159, 322600
conv2d_27, Conv2D, 29601160, 32119478, 2518318
batch_normalization_28, BatchNormalization, 32119479, 32234991, 115512
batch_normalization_27, BatchNormalization, 32234992, 32384269, 149277
conv2d_29, Conv2D, 32384270, 32953494, 569224
batch_normalization_29, BatchNormalization, 32953495, 33115554, 162059
conv2d_30, Conv2D, 33115555, 33332266, 216711
batch_normalization_30, BatchNormalization, 33332267, 33373773, 41506
conv2d_35, Conv2D, 33373774, 33654667, 280893
conv2d_32, Conv2D, 33654668, 33914827, 260159
conv2d_31, Conv2D, 33914828, 34407924, 493096
conv2d_40, Conv2D, 34407925, 34941516, 533591
batch_normalization_35, BatchNormalization, 34941517, 34996444, 54927
batch_normalization_32, BatchNormalization, 34996445, 35050323, 53878
batch_normalization_31, BatchNormalization, 35050324, 35127957, 77633
batch_normalization_40, BatchNormalization, 35127958, 35206071, 78113
conv2d_36, Conv2D, 35206072, 35495826, 289754
conv2d_33, Conv2D, 35495827, 35777980, 282153
batch_normalization_36, BatchNormalization, 35777981, 35832472, 54491
batch_normalization_33, BatchNormalization, 35832473, 35886929, 54456
conv2d_37, Conv2D, 35886930, 36171671, 284741
conv2d_34, Conv2D, 36171672, 36589600, 417928
batch_normalization_37, BatchNormalization, 36589601, 36643239, 53638
batch_normalization_34, BatchNormalization, 36643240, 36721678, 78438
conv2d_38, Conv2D, 36721679, 37008006, 286327
batch_normalization_38, BatchNormalization, 37008007, 37062141, 54134
conv2d_39, Conv2D, 37062142, 37479072, 416930
batch_normalization_39, BatchNormalization, 37479073, 37556735, 77662
conv2d_45, Conv2D, 37556736, 37877235, 320499
conv2d_42, Conv2D, 37877236, 38197847, 320611
conv2d_41, Conv2D, 38197848, 38728024, 530176
conv2d_50, Conv2D, 38728025, 39255722, 527697
batch_normalization_45, BatchNormalization, 39255723, 39321855, 66132
batch_normalization_42, BatchNormalization, 39321856, 39387386, 65530
batch_normalization_41, BatchNormalization, 39387387, 39464954, 77567
batch_normalization_50, BatchNormalization, 39464955, 39542866, 77911
conv2d_46, Conv2D, 39542867, 39971125, 428258
conv2d_43, Conv2D, 39971126, 40400670, 429544
batch_normalization_46, BatchNormalization, 40400671, 40466947, 66276
batch_normalization_43, BatchNormalization, 40466948, 40532418, 65470
conv2d_47, Conv2D, 40532419, 40962178, 429759
conv2d_44, Conv2D, 40962179, 41469778, 507599
batch_normalization_47, BatchNormalization, 41469779, 41534941, 65162
batch_normalization_44, BatchNormalization, 41534942, 41612732, 77790
conv2d_48, Conv2D, 41612733, 42040152, 427419
batch_normalization_48, BatchNormalization, 42040153, 42105675, 65522
conv2d_49, Conv2D, 42105676, 42616449, 510773
batch_normalization_49, BatchNormalization, 42616450, 42693964, 77514
conv2d_55, Conv2D, 42693965, 43013783, 319818
conv2d_52, Conv2D, 43013784, 43333299, 319515
conv2d_51, Conv2D, 43333300, 43861363, 528063
conv2d_60, Conv2D, 43861364, 44386844, 525480
batch_normalization_55, BatchNormalization, 44386845, 44452405, 65560
batch_normalization_52, BatchNormalization, 44452406, 44518858, 66452
batch_normalization_51, BatchNormalization, 44518859, 44596252, 77393
batch_normalization_60, BatchNormalization, 44596253, 44674470, 78217
conv2d_56, Conv2D, 44674471, 45100459, 425988
conv2d_53, Conv2D, 45100460, 45529847, 429387
batch_normalization_56, BatchNormalization, 45529848, 45596108, 66260
batch_normalization_53, BatchNormalization, 45596109, 45662487, 66378
conv2d_57, Conv2D, 45662488, 46088543, 426055
conv2d_54, Conv2D, 46088544, 46605192, 516648
batch_normalization_57, BatchNormalization, 46605193, 46670463, 65270
batch_normalization_54, BatchNormalization, 46670464, 46748881, 78417
conv2d_58, Conv2D, 46748882, 47180438, 431556
batch_normalization_58, BatchNormalization, 47180439, 47246665, 66226
conv2d_59, Conv2D, 47246666, 47755397, 508731
batch_normalization_59, BatchNormalization, 47755398, 47832898, 77500
conv2d_65, Conv2D, 47832899, 48360303, 527404
conv2d_62, Conv2D, 48360304, 48886617, 526313
conv2d_61, Conv2D, 48886618, 49413860, 527242
conv2d_70, Conv2D, 49413861, 49942058, 528197
batch_normalization_65, BatchNormalization, 49942059, 50019953, 77894
batch_normalization_62, BatchNormalization, 50019954, 50098576, 78622
batch_normalization_61, BatchNormalization, 50098577, 50176516, 77939
batch_normalization_70, BatchNormalization, 50176517, 50254479, 77962
conv2d_66, Conv2D, 50254480, 50866017, 611537
conv2d_63, Conv2D, 50866018, 51478679, 612661
batch_normalization_66, BatchNormalization, 51478680, 51556243, 77563
batch_normalization_63, BatchNormalization, 51556244, 51634659, 78415
conv2d_67, Conv2D, 51634660, 52245673, 611013
conv2d_64, Conv2D, 52245674, 52856974, 611300
batch_normalization_67, BatchNormalization, 52856975, 52934855, 77880
batch_normalization_64, BatchNormalization, 52934856, 53012816, 77960
conv2d_68, Conv2D, 53012817, 53624071, 611254
batch_normalization_68, BatchNormalization, 53624072, 53701392, 77320
conv2d_69, Conv2D, 53701393, 54314476, 613083
batch_normalization_69, BatchNormalization, 54314477, 54392244, 77767
conv2d_73, Conv2D, 54392245, 54881706, 489461
conv2d_71, Conv2D, 54881707, 55372673, 490966
batch_normalization_73, BatchNormalization, 55372674, 55451059, 78385
batch_normalization_71, BatchNormalization, 55451060, 55529321, 78261
conv2d_74, Conv2D, 55529322, 56140569, 611247
conv2d_72, Conv2D, 56140570, 56592660, 452090
batch_normalization_74, BatchNormalization, 56592661, 56670862, 78201
batch_normalization_72, BatchNormalization, 56670863, 56697641, 26778
conv2d_75, Conv2D, 56697642, 57311352, 613710
batch_normalization_75, BatchNormalization, 57311353, 57390075, 78722
conv2d_76, Conv2D, 57390076, 57668080, 278004
batch_normalization_76, BatchNormalization, 57668081, 57685933, 17852
conv2d_81, Conv2D, 57685934, 58178678, 492744
conv2d_78, Conv2D, 58178679, 58592027, 413348
conv2d_77, Conv2D, 58592028, 58946756, 354728
conv2d_85, Conv2D, 58946757, 59169165, 222408
batch_normalization_81, BatchNormalization, 59169166, 59205486, 36320
batch_normalization_78, BatchNormalization, 59205487, 59237371, 31884
batch_normalization_77, BatchNormalization, 59237372, 59264070, 26698
batch_normalization_85, BatchNormalization, 59264071, 59282025, 17954
conv2d_82, Conv2D, 59282026, 60458471, 1176445
conv2d_79, Conv2D, 60458472, 60823362, 364890
conv2d_80, Conv2D, 60823363, 61188367, 365004
batch_normalization_82, BatchNormalization, 61188368, 61218309, 29941
batch_normalization_79, BatchNormalization, 61218310, 61251964, 33654
batch_normalization_80, BatchNormalization, 61251965, 61283627, 31662
conv2d_83, Conv2D, 61283628, 61648692, 365064
conv2d_84, Conv2D, 61648693, 62013608, 364915
batch_normalization_83, BatchNormalization, 62013609, 62045680, 32071
batch_normalization_84, BatchNormalization, 62045681, 62078107, 32426
conv2d_90, Conv2D, 62078108, 62832745, 754637
conv2d_87, Conv2D, 62832746, 63504801, 672055
conv2d_86, Conv2D, 63504802, 64046999, 542197
conv2d_94, Conv2D, 64047000, 64429739, 382739
batch_normalization_90, BatchNormalization, 64429740, 64466689, 36949
batch_normalization_87, BatchNormalization, 64466690, 64498690, 32000
batch_normalization_86, BatchNormalization, 64498691, 64526493, 27802
batch_normalization_94, BatchNormalization, 64526494, 64543996, 17502
conv2d_91, Conv2D, 64543997, 65733433, 1189436
conv2d_88, Conv2D, 65733434, 66096655, 363221
conv2d_89, Conv2D, 66096656, 66459441, 362785
batch_normalization_91, BatchNormalization, 66459442, 66489853, 30411
batch_normalization_88, BatchNormalization, 66489854, 66521888, 32034
batch_normalization_89, BatchNormalization, 66521889, 66552673, 30784
conv2d_92, Conv2D, 66552674, 66907707, 355033
conv2d_93, Conv2D, 66907708, 67271740, 364032
batch_normalization_92, BatchNormalization, 67271741, 67303225, 31484
batch_normalization_93, BatchNormalization, 67303226, 67334984, 31758
predictions, Dense, 67334985, 68828012, 1493027
Start, Control, 0, 1, 1
End, Control, 68828013, 68828014, 1
