conv2d_1, Conv2D, 2, 690435, 690433
batch_normalization_1, BatchNormalization, 690436, 1627223, 936787
conv2d_2, Conv2D, 1627224, 2636378, 1009154
batch_normalization_2, BatchNormalization, 2636379, 3582841, 946462
conv2d_3, Conv2D, 3582842, 5171476, 1588634
batch_normalization_3, BatchNormalization, 5171477, 6854760, 1683283
conv2d_4, Conv2D, 6854761, 7374826, 520065
batch_normalization_4, BatchNormalization, 7374827, 7933162, 558335
conv2d_5, Conv2D, 7933163, 10769120, 2835957
batch_normalization_5, BatchNormalization, 10769121, 12028100, 1258979
conv2d_9, Conv2D, 12028101, 12259422, 231321
conv2d_7, Conv2D, 12259423, 12477569, 218146
conv2d_6, Conv2D, 12477570, 12706848, 229278
conv2d_12, Conv2D, 12706849, 12911816, 204967
batch_normalization_9, BatchNormalization, 12911817, 13027044, 115227
batch_normalization_7, BatchNormalization, 13027045, 13112550, 85505
batch_normalization_6, BatchNormalization, 13112551, 13228060, 115509
batch_normalization_12, BatchNormalization, 13228061, 13293151, 65090
conv2d_10, Conv2D, 13293152, 13603841, 310689
conv2d_8, Conv2D, 13603842, 14031522, 427680
batch_normalization_10, BatchNormalization, 14031523, 14190612, 159089
batch_normalization_8, BatchNormalization, 14190613, 14305373, 114760
conv2d_11, Conv2D, 14305374, 14770970, 465596
batch_normalization_11, BatchNormalization, 14770971, 14931839, 160868
conv2d_16, Conv2D, 14931840, 15225629, 293789
conv2d_14, Conv2D, 15225630, 15503216, 277586
conv2d_13, Conv2D, 15503217, 15784981, 281764
conv2d_19, Conv2D, 15784982, 16080848, 295866
batch_normalization_16, BatchNormalization, 16080849, 16195830, 114981
batch_normalization_14, BatchNormalization, 16195831, 16283025, 87194
batch_normalization_13, BatchNormalization, 16283026, 16398785, 115759
batch_normalization_19, BatchNormalization, 16398786, 16514480, 115694
conv2d_17, Conv2D, 16514481, 16824716, 310235
conv2d_15, Conv2D, 16824717, 17252368, 427651
batch_normalization_17, BatchNormalization, 17252369, 17413238, 160869
batch_normalization_15, BatchNormalization, 17413239, 17529362, 116123
conv2d_18, Conv2D, 17529363, 17992732, 463369
batch_normalization_18, BatchNormalization, 17992733, 18152592, 159859
conv2d_23, Conv2D, 18152593, 18471246, 318653
conv2d_21, Conv2D, 18471247, 18776120, 304873
conv2d_20, Conv2D, 18776121, 19092563, 316442
conv2d_26, Conv2D, 19092564, 19410115, 317551
batch_normalization_23, BatchNormalization, 19410116, 19525465, 115349
batch_normalization_21, BatchNormalization, 19525466, 19609668, 84202
batch_normalization_20, BatchNormalization, 19609669, 19724246, 114577
batch_normalization_26, BatchNormalization, 19724247, 19839011, 114764
conv2d_24, Conv2D, 19839012, 20150751, 311739
conv2d_22, Conv2D, 20150752, 20577842, 427090
batch_normalization_24, BatchNormalization, 20577843, 20740632, 162789
batch_normalization_22, BatchNormalization, 20740633, 20856294, 115661
conv2d_25, Conv2D, 20856295, 21319664, 463369
batch_normalization_25, BatchNormalization, 21319665, 21481497, 161832
conv2d_28, Conv2D, 21481498, 21801777, 320279
conv2d_27, Conv2D, 21801778, 24213746, 2411968
batch_normalization_28, BatchNormalization, 24213747, 24329061, 115314
batch_normalization_27, BatchNormalization, 24329062, 24478630, 149568
conv2d_29, Conv2D, 24478631, 24790992, 312361
batch_normalization_29, BatchNormalization, 24790993, 24952883, 161890
conv2d_30, Conv2D, 24952884, 25122362, 169478
batch_normalization_30, BatchNormalization, 25122363, 25163773, 41410
conv2d_35, Conv2D, 25163774, 25433731, 269957
conv2d_32, Conv2D, 25433732, 25681362, 247630
conv2d_31, Conv2D, 25681363, 26174952, 493589
conv2d_40, Conv2D, 26174953, 26711609, 536656
batch_normalization_35, BatchNormalization, 26711610, 26766238, 54628
batch_normalization_32, BatchNormalization, 26766239, 26821063, 54824
batch_normalization_31, BatchNormalization, 26821064, 26899700, 78636
batch_normalization_40, BatchNormalization, 26899701, 26978244, 78543
conv2d_36, Conv2D, 26978245, 27160192, 181947
conv2d_33, Conv2D, 27160193, 27339881, 179688
batch_normalization_36, BatchNormalization, 27339882, 27394251, 54369
batch_normalization_33, BatchNormalization, 27394252, 27449254, 55002
conv2d_37, Conv2D, 27449255, 27620063, 170808
conv2d_34, Conv2D, 27620064, 27874975, 254911
batch_normalization_37, BatchNormalization, 27874976, 27929284, 54308
batch_normalization_34, BatchNormalization, 27929285, 28007530, 78245
conv2d_38, Conv2D, 28007531, 28186402, 178871
batch_normalization_38, BatchNormalization, 28186403, 28240501, 54098
conv2d_39, Conv2D, 28240502, 28493817, 253315
batch_normalization_39, BatchNormalization, 28493818, 28572256, 78438
conv2d_45, Conv2D, 28572257, 28867639, 295382
conv2d_42, Conv2D, 28867640, 29162903, 295263
conv2d_41, Conv2D, 29162904, 29697240, 534336
conv2d_50, Conv2D, 29697241, 30228661, 531420
batch_normalization_45, BatchNormalization, 30228662, 30294918, 66256
batch_normalization_42, BatchNormalization, 30294919, 30361824, 66905
batch_normalization_41, BatchNormalization, 30361825, 30440575, 78750
batch_normalization_50, BatchNormalization, 30440576, 30519346, 78770
conv2d_46, Conv2D, 30519347, 30773103, 253756
conv2d_43, Conv2D, 30773104, 31029711, 256607
batch_normalization_46, BatchNormalization, 31029712, 31095264, 65552
batch_normalization_43, BatchNormalization, 31095265, 31161106, 65841
conv2d_47, Conv2D, 31161107, 31412802, 251695
conv2d_44, Conv2D, 31412803, 31716143, 303340
batch_normalization_47, BatchNormalization, 31716144, 31781731, 65587
batch_normalization_44, BatchNormalization, 31781732, 31860722, 78990
conv2d_48, Conv2D, 31860723, 32111899, 251176
batch_normalization_48, BatchNormalization, 32111900, 32177297, 65397
conv2d_49, Conv2D, 32177298, 32479906, 302608
batch_normalization_49, BatchNormalization, 32479907, 32558217, 78310
conv2d_55, Conv2D, 32558218, 32836674, 278456
conv2d_52, Conv2D, 32836675, 33128846, 292171
conv2d_51, Conv2D, 33128847, 33660247, 531400
conv2d_60, Conv2D, 33660248, 34193487, 533239
batch_normalization_55, BatchNormalization, 34193488, 34258176, 64688
batch_normalization_52, BatchNormalization, 34258177, 34324427, 66250
batch_normalization_51, BatchNormalization, 34324428, 34401955, 77527
batch_normalization_60, BatchNormalization, 34401956, 34480187, 78231
conv2d_56, Conv2D, 34480188, 34733694, 253506
conv2d_53, Conv2D, 34733695, 34986087, 252392
batch_normalization_56, BatchNormalization, 34986088, 35052334, 66246
batch_normalization_53, BatchNormalization, 35052335, 35118058, 65723
conv2d_57, Conv2D, 35118059, 35368980, 250921
conv2d_54, Conv2D, 35368981, 35672246, 303265
batch_normalization_57, BatchNormalization, 35672247, 35738081, 65834
batch_normalization_54, BatchNormalization, 35738082, 35816166, 78084
conv2d_58, Conv2D, 35816167, 36067321, 251154
batch_normalization_58, BatchNormalization, 36067322, 36133629, 66307
conv2d_59, Conv2D, 36133630, 36437043, 303413
batch_normalization_59, BatchNormalization, 36437044, 36514711, 77667
conv2d_65, Conv2D, 36514712, 37040827, 526115
conv2d_62, Conv2D, 37040828, 37567392, 526564
conv2d_61, Conv2D, 37567393, 38093293, 525900
conv2d_70, Conv2D, 38093294, 38621421, 528127
batch_normalization_65, BatchNormalization, 38621422, 38699520, 78098
batch_normalization_62, BatchNormalization, 38699521, 38777974, 78453
batch_normalization_61, BatchNormalization, 38777975, 38855679, 77704
batch_normalization_70, BatchNormalization, 38855680, 38933649, 77969
conv2d_66, Conv2D, 38933650, 39287833, 354183
conv2d_63, Conv2D, 39287834, 39643248, 355414
batch_normalization_66, BatchNormalization, 39643249, 39720972, 77723
batch_normalization_63, BatchNormalization, 39720973, 39799344, 78371
conv2d_67, Conv2D, 39799345, 40153396, 354051
conv2d_64, Conv2D, 40153397, 40554844, 401447
batch_normalization_67, BatchNormalization, 40554845, 40632853, 78008
batch_normalization_64, BatchNormalization, 40632854, 40711066, 78212
conv2d_68, Conv2D, 40711067, 41082167, 371100
batch_normalization_68, BatchNormalization, 41082168, 41159758, 77590
conv2d_69, Conv2D, 41159759, 41515014, 355255
batch_normalization_69, BatchNormalization, 41515015, 41592707, 77692
conv2d_73, Conv2D, 41592708, 42083065, 490357
conv2d_71, Conv2D, 42083066, 42572725, 489659
batch_normalization_73, BatchNormalization, 42572726, 42650768, 78042
batch_normalization_71, BatchNormalization, 42650769, 42728745, 77976
conv2d_74, Conv2D, 42728746, 43083423, 354677
conv2d_72, Conv2D, 43083424, 43523924, 440500
batch_normalization_74, BatchNormalization, 43523925, 43601698, 77773
batch_normalization_72, BatchNormalization, 43601699, 43629161, 27462
conv2d_75, Conv2D, 43629162, 43982950, 353788
batch_normalization_75, BatchNormalization, 43982951, 44061142, 78191
conv2d_76, Conv2D, 44061143, 44332168, 271025
batch_normalization_76, BatchNormalization, 44332169, 44350119, 17950
conv2d_81, Conv2D, 44350120, 44838685, 488565
conv2d_78, Conv2D, 44838686, 45245757, 407071
conv2d_77, Conv2D, 45245758, 45597245, 351487
conv2d_85, Conv2D, 45597246, 45814974, 217728
batch_normalization_81, BatchNormalization, 45814975, 45851350, 36375
batch_normalization_78, BatchNormalization, 45851351, 45883052, 31701
batch_normalization_77, BatchNormalization, 45883053, 45910481, 27428
batch_normalization_85, BatchNormalization, 45910482, 45928545, 18063
conv2d_82, Conv2D, 45928546, 47090010, 1161464
conv2d_79, Conv2D, 47090011, 47447746, 357735
conv2d_80, Conv2D, 47447747, 47808813, 361066
batch_normalization_82, BatchNormalization, 47808814, 47838845, 30031
batch_normalization_79, BatchNormalization, 47838846, 47872405, 33559
batch_normalization_80, BatchNormalization, 47872406, 47904817, 32411
conv2d_83, Conv2D, 47904818, 48265356, 360538
conv2d_84, Conv2D, 48265357, 48625191, 359834
batch_normalization_83, BatchNormalization, 48625192, 48657636, 32444
batch_normalization_84, BatchNormalization, 48657637, 48690318, 32681
conv2d_90, Conv2D, 48690319, 49439759, 749440
conv2d_87, Conv2D, 49439760, 50119919, 680159
conv2d_86, Conv2D, 50119920, 50656520, 536600
conv2d_94, Conv2D, 50656521, 51037984, 381463
batch_normalization_90, BatchNormalization, 51037985, 51074129, 36144
batch_normalization_87, BatchNormalization, 51074130, 51106446, 32316
batch_normalization_86, BatchNormalization, 51106447, 51134432, 27985
batch_normalization_94, BatchNormalization, 51134433, 51151846, 17413
conv2d_91, Conv2D, 51151847, 52326369, 1174522
conv2d_88, Conv2D, 52326370, 52684529, 358159
conv2d_89, Conv2D, 52684530, 53041277, 356747
batch_normalization_91, BatchNormalization, 53041278, 53071621, 30343
batch_normalization_88, BatchNormalization, 53071622, 53103801, 32179
batch_normalization_89, BatchNormalization, 53103802, 53134689, 30887
conv2d_92, Conv2D, 53134690, 53491520, 356830
conv2d_93, Conv2D, 53491521, 53850788, 359267
batch_normalization_92, BatchNormalization, 53850789, 53882398, 31609
batch_normalization_93, BatchNormalization, 53882399, 53915093, 32694
predictions, Dense, 53915094, 55409434, 1494340
Start, Control, 0, 1, 1
End, Control, 55409435, 55409436, 1
