conv2d_1, Conv2D, 2, 690435, 690433
batch_normalization_1, BatchNormalization, 690436, 1627223, 936787
conv2d_2, Conv2D, 1627224, 3205662, 1578438
batch_normalization_2, BatchNormalization, 3205663, 4151928, 946265
conv2d_3, Conv2D, 4151929, 7295077, 3143148
batch_normalization_3, BatchNormalization, 7295078, 8977323, 1682245
conv2d_4, Conv2D, 8977324, 9496406, 519082
batch_normalization_4, BatchNormalization, 9496407, 10054983, 558576
conv2d_5, Conv2D, 10054984, 15612320, 5557336
batch_normalization_5, BatchNormalization, 15612321, 16870824, 1258503
conv2d_9, Conv2D, 16870825, 17102664, 231839
conv2d_7, Conv2D, 17102665, 17321525, 218860
conv2d_6, Conv2D, 17321526, 17552105, 230579
conv2d_12, Conv2D, 17552106, 17756272, 204166
batch_normalization_9, BatchNormalization, 17756273, 17871728, 115455
batch_normalization_7, BatchNormalization, 17871729, 17957499, 85770
batch_normalization_6, BatchNormalization, 17957500, 18072062, 114562
batch_normalization_12, BatchNormalization, 18072063, 18136946, 64883
conv2d_10, Conv2D, 18136947, 18711069, 574122
conv2d_8, Conv2D, 18711070, 19505450, 794380
batch_normalization_10, BatchNormalization, 19505451, 19665799, 160348
batch_normalization_8, BatchNormalization, 19665800, 19781040, 115240
conv2d_11, Conv2D, 19781041, 20644413, 863372
batch_normalization_11, BatchNormalization, 20644414, 20805838, 161424
conv2d_16, Conv2D, 20805839, 21100816, 294977
conv2d_14, Conv2D, 21100817, 21379314, 278497
conv2d_13, Conv2D, 21379315, 21664859, 285544
conv2d_19, Conv2D, 21664860, 21964097, 299237
batch_normalization_16, BatchNormalization, 21964098, 22080594, 116496
batch_normalization_14, BatchNormalization, 22080595, 22166226, 85631
batch_normalization_13, BatchNormalization, 22166227, 22281154, 114927
batch_normalization_19, BatchNormalization, 22281155, 22396788, 115633
conv2d_17, Conv2D, 22396789, 22971620, 574831
conv2d_15, Conv2D, 22971621, 23766186, 794565
batch_normalization_17, BatchNormalization, 23766187, 23927806, 161619
batch_normalization_15, BatchNormalization, 23927807, 24043611, 115804
conv2d_18, Conv2D, 24043612, 24902374, 858762
batch_normalization_18, BatchNormalization, 24902375, 25062437, 160062
conv2d_23, Conv2D, 25062438, 25383834, 321396
conv2d_21, Conv2D, 25383835, 25689056, 305221
conv2d_20, Conv2D, 25689057, 26007823, 318766
conv2d_26, Conv2D, 26007824, 26327018, 319194
batch_normalization_23, BatchNormalization, 26327019, 26441861, 114842
batch_normalization_21, BatchNormalization, 26441862, 26526207, 84345
batch_normalization_20, BatchNormalization, 26526208, 26641090, 114882
batch_normalization_26, BatchNormalization, 26641091, 26757422, 116331
conv2d_24, Conv2D, 26757423, 27334478, 577055
conv2d_22, Conv2D, 27334479, 28130385, 795906
batch_normalization_24, BatchNormalization, 28130386, 28291895, 161509
batch_normalization_22, BatchNormalization, 28291896, 28407888, 115992
conv2d_25, Conv2D, 28407889, 29267449, 859560
batch_normalization_25, BatchNormalization, 29267450, 29428282, 160832
conv2d_28, Conv2D, 29428283, 29751008, 322725
conv2d_27, Conv2D, 29751009, 32269161, 2518152
batch_normalization_28, BatchNormalization, 32269162, 32385671, 116509
batch_normalization_27, BatchNormalization, 32385672, 32535778, 150106
conv2d_29, Conv2D, 32535779, 33110341, 574562
batch_normalization_29, BatchNormalization, 33110342, 33272036, 161694
conv2d_30, Conv2D, 33272037, 33526638, 254601
batch_normalization_30, BatchNormalization, 33526639, 33568428, 41789
conv2d_35, Conv2D, 33568429, 33841140, 272711
conv2d_32, Conv2D, 33841141, 34102772, 261631
conv2d_31, Conv2D, 34102773, 34596833, 494060
conv2d_40, Conv2D, 34596834, 35127481, 530647
batch_normalization_35, BatchNormalization, 35127482, 35182635, 55153
batch_normalization_32, BatchNormalization, 35182636, 35236655, 54019
batch_normalization_31, BatchNormalization, 35236656, 35314466, 77810
batch_normalization_40, BatchNormalization, 35314467, 35392202, 77735
conv2d_36, Conv2D, 35392203, 35685873, 293670
conv2d_33, Conv2D, 35685874, 35979351, 293477
batch_normalization_36, BatchNormalization, 35979352, 36033990, 54638
batch_normalization_33, BatchNormalization, 36033991, 36088531, 54540
conv2d_37, Conv2D, 36088532, 36387881, 299349
conv2d_34, Conv2D, 36387882, 36821456, 433574
batch_normalization_37, BatchNormalization, 36821457, 36875566, 54109
batch_normalization_34, BatchNormalization, 36875567, 36954699, 79132
conv2d_38, Conv2D, 36954700, 37247852, 293152
batch_normalization_38, BatchNormalization, 37247853, 37301487, 53634
conv2d_39, Conv2D, 37301488, 37734623, 433135
batch_normalization_39, BatchNormalization, 37734624, 37812805, 78181
conv2d_45, Conv2D, 37812806, 38133299, 320493
conv2d_42, Conv2D, 38133300, 38453536, 320236
conv2d_41, Conv2D, 38453537, 38981664, 528127
conv2d_50, Conv2D, 38981665, 39509887, 528222
batch_normalization_45, BatchNormalization, 39509888, 39576015, 66127
batch_normalization_42, BatchNormalization, 39576016, 39641075, 65059
batch_normalization_41, BatchNormalization, 39641076, 39719690, 78614
batch_normalization_50, BatchNormalization, 39719691, 39797465, 77774
conv2d_46, Conv2D, 39797466, 40244297, 446831
conv2d_43, Conv2D, 40244298, 40691449, 447151
batch_normalization_46, BatchNormalization, 40691450, 40757031, 65581
batch_normalization_43, BatchNormalization, 40757032, 40823539, 66507
conv2d_47, Conv2D, 40823540, 41270955, 447415
conv2d_44, Conv2D, 41270956, 41806419, 535463
batch_normalization_47, BatchNormalization, 41806420, 41871747, 65327
batch_normalization_44, BatchNormalization, 41871748, 41949516, 77768
conv2d_48, Conv2D, 41949517, 42397044, 447527
batch_normalization_48, BatchNormalization, 42397045, 42462429, 65384
conv2d_49, Conv2D, 42462430, 42997567, 535137
batch_normalization_49, BatchNormalization, 42997568, 43075661, 78093
conv2d_55, Conv2D, 43075662, 43394664, 319002
conv2d_52, Conv2D, 43394665, 43714235, 319570
conv2d_51, Conv2D, 43714236, 44242673, 528437
conv2d_60, Conv2D, 44242674, 44770660, 527986
batch_normalization_55, BatchNormalization, 44770661, 44836265, 65604
batch_normalization_52, BatchNormalization, 44836266, 44903131, 66865
batch_normalization_51, BatchNormalization, 44903132, 44980831, 77699
batch_normalization_60, BatchNormalization, 44980832, 45059006, 78174
conv2d_56, Conv2D, 45059007, 45506340, 447333
conv2d_53, Conv2D, 45506341, 45953058, 446717
batch_normalization_56, BatchNormalization, 45953059, 46019237, 66178
batch_normalization_53, BatchNormalization, 46019238, 46085685, 66447
conv2d_57, Conv2D, 46085686, 46532755, 447069
conv2d_54, Conv2D, 46532756, 47067472, 534716
batch_normalization_57, BatchNormalization, 47067473, 47133093, 65620
batch_normalization_54, BatchNormalization, 47133094, 47211332, 78238
conv2d_58, Conv2D, 47211333, 47658134, 446801
batch_normalization_58, BatchNormalization, 47658135, 47724478, 66343
conv2d_59, Conv2D, 47724479, 48259411, 534932
batch_normalization_59, BatchNormalization, 48259412, 48337103, 77691
conv2d_65, Conv2D, 48337104, 48865050, 527946
conv2d_62, Conv2D, 48865051, 49394170, 529119
conv2d_61, Conv2D, 49394171, 49921846, 527675
conv2d_70, Conv2D, 49921847, 50449470, 527623
batch_normalization_65, BatchNormalization, 50449471, 50527779, 78308
batch_normalization_62, BatchNormalization, 50527780, 50606346, 78566
batch_normalization_61, BatchNormalization, 50606347, 50684454, 78107
batch_normalization_70, BatchNormalization, 50684455, 50762177, 77722
conv2d_66, Conv2D, 50762178, 51395936, 633758
conv2d_63, Conv2D, 51395937, 52029989, 634052
batch_normalization_66, BatchNormalization, 52029990, 52107697, 77707
batch_normalization_63, BatchNormalization, 52107698, 52186221, 78523
conv2d_67, Conv2D, 52186222, 52819234, 633012
conv2d_64, Conv2D, 52819235, 53453552, 634317
batch_normalization_67, BatchNormalization, 53453553, 53531101, 77548
batch_normalization_64, BatchNormalization, 53531102, 53609198, 78096
conv2d_68, Conv2D, 53609199, 54226981, 617782
batch_normalization_68, BatchNormalization, 54226982, 54304451, 77469
conv2d_69, Conv2D, 54304452, 54937693, 633241
batch_normalization_69, BatchNormalization, 54937694, 55015438, 77744
conv2d_73, Conv2D, 55015439, 55505240, 489801
conv2d_71, Conv2D, 55505241, 55995746, 490505
batch_normalization_73, BatchNormalization, 55995747, 56073447, 77700
batch_normalization_71, BatchNormalization, 56073448, 56151303, 77855
conv2d_74, Conv2D, 56151304, 56768460, 617156
conv2d_72, Conv2D, 56768461, 57219678, 451217
batch_normalization_74, BatchNormalization, 57219679, 57297776, 78097
batch_normalization_72, BatchNormalization, 57297777, 57325225, 27448
conv2d_75, Conv2D, 57325226, 57959102, 633876
batch_normalization_75, BatchNormalization, 57959103, 58037449, 78346
conv2d_76, Conv2D, 58037450, 58315456, 278006
batch_normalization_76, BatchNormalization, 58315457, 58333541, 18084
conv2d_81, Conv2D, 58333542, 58827928, 494386
conv2d_78, Conv2D, 58827929, 59240788, 412859
conv2d_77, Conv2D, 59240789, 59595129, 354340
conv2d_85, Conv2D, 59595130, 59815654, 220524
batch_normalization_81, BatchNormalization, 59815655, 59852100, 36445
batch_normalization_78, BatchNormalization, 59852101, 59883975, 31874
batch_normalization_77, BatchNormalization, 59883976, 59910591, 26615
batch_normalization_85, BatchNormalization, 59910592, 59928562, 17970
conv2d_82, Conv2D, 59928563, 61104626, 1176063
conv2d_79, Conv2D, 61104627, 61471008, 366381
conv2d_80, Conv2D, 61471009, 61836823, 365814
batch_normalization_82, BatchNormalization, 61836824, 61866912, 30088
batch_normalization_79, BatchNormalization, 61866913, 61900336, 33423
batch_normalization_80, BatchNormalization, 61900337, 61932026, 31689
conv2d_83, Conv2D, 61932027, 62296934, 364907
conv2d_84, Conv2D, 62296935, 62661561, 364626
batch_normalization_83, BatchNormalization, 62661562, 62693742, 32180
batch_normalization_84, BatchNormalization, 62693743, 62726261, 32518
conv2d_90, Conv2D, 62726262, 63483111, 756849
conv2d_87, Conv2D, 63483112, 64167072, 683960
conv2d_86, Conv2D, 64167073, 64709659, 542586
conv2d_94, Conv2D, 64709660, 65089247, 379587
batch_normalization_90, BatchNormalization, 65089248, 65125494, 36246
batch_normalization_87, BatchNormalization, 65125495, 65157564, 32069
batch_normalization_86, BatchNormalization, 65157565, 65185397, 27832
batch_normalization_94, BatchNormalization, 65185398, 65202706, 17308
conv2d_91, Conv2D, 65202707, 66390689, 1187982
conv2d_88, Conv2D, 66390690, 66753724, 363034
conv2d_89, Conv2D, 66753725, 67116117, 362392
batch_normalization_91, BatchNormalization, 67116118, 67145698, 29580
batch_normalization_88, BatchNormalization, 67145699, 67177740, 32041
batch_normalization_89, BatchNormalization, 67177741, 67208555, 30814
conv2d_92, Conv2D, 67208556, 67570680, 362124
conv2d_93, Conv2D, 67570681, 67935370, 364689
batch_normalization_92, BatchNormalization, 67935371, 67966998, 31627
batch_normalization_93, BatchNormalization, 67966999, 67998827, 31828
predictions, Dense, 67998828, 69491886, 1493058
Start, Control, 0, 1, 1
End, Control, 69491887, 69491888, 1
