conv2d_1, Conv2D, 2, 690571, 690569
batch_normalization_1, BatchNormalization, 690572, 1626829, 936257
conv2d_2, Conv2D, 1626830, 2632463, 1005633
batch_normalization_2, BatchNormalization, 2632464, 3578077, 945613
conv2d_3, Conv2D, 3578078, 5024626, 1446548
batch_normalization_3, BatchNormalization, 5024627, 6708251, 1683624
conv2d_4, Conv2D, 6708252, 7228290, 520038
batch_normalization_4, BatchNormalization, 7228291, 7788089, 559798
conv2d_5, Conv2D, 7788090, 8970926, 1182836
batch_normalization_5, BatchNormalization, 8970927, 10230558, 1259631
conv2d_9, Conv2D, 10230559, 10461363, 230804
conv2d_7, Conv2D, 10461364, 10679803, 218439
conv2d_6, Conv2D, 10679804, 10908210, 228406
conv2d_12, Conv2D, 10908211, 11113872, 205661
batch_normalization_9, BatchNormalization, 11113873, 11230223, 116350
batch_normalization_7, BatchNormalization, 11230224, 11316637, 86413
batch_normalization_6, BatchNormalization, 11316638, 11431780, 115142
batch_normalization_12, BatchNormalization, 11431781, 11496565, 64784
conv2d_10, Conv2D, 11496566, 11685131, 188565
conv2d_8, Conv2D, 11685132, 11880111, 194979
batch_normalization_10, BatchNormalization, 11880112, 12039574, 159462
batch_normalization_8, BatchNormalization, 12039575, 12154610, 115035
conv2d_11, Conv2D, 12154611, 12369211, 214600
batch_normalization_11, BatchNormalization, 12369212, 12530271, 161059
conv2d_16, Conv2D, 12530272, 12824137, 293865
conv2d_14, Conv2D, 12824138, 13102036, 277898
conv2d_13, Conv2D, 13102037, 13383544, 281507
conv2d_19, Conv2D, 13383545, 13679461, 295916
batch_normalization_16, BatchNormalization, 13679462, 13794437, 114975
batch_normalization_14, BatchNormalization, 13794438, 13880767, 86329
batch_normalization_13, BatchNormalization, 13880768, 13995998, 115230
batch_normalization_19, BatchNormalization, 13995999, 14111385, 115386
conv2d_17, Conv2D, 14111386, 14301753, 190367
conv2d_15, Conv2D, 14301754, 14489482, 187728
batch_normalization_17, BatchNormalization, 14489483, 14650605, 161122
batch_normalization_15, BatchNormalization, 14650606, 14767017, 116411
conv2d_18, Conv2D, 14767018, 15014961, 247943
batch_normalization_18, BatchNormalization, 15014962, 15175258, 160296
conv2d_23, Conv2D, 15175259, 15492877, 317618
conv2d_21, Conv2D, 15492878, 15795481, 302603
conv2d_20, Conv2D, 15795482, 16111540, 316058
conv2d_26, Conv2D, 16111541, 16427753, 316212
batch_normalization_23, BatchNormalization, 16427754, 16543461, 115707
batch_normalization_21, BatchNormalization, 16543462, 16628154, 84692
batch_normalization_20, BatchNormalization, 16628155, 16743082, 114927
batch_normalization_26, BatchNormalization, 16743083, 16858603, 115520
conv2d_24, Conv2D, 16858604, 17035629, 177025
conv2d_22, Conv2D, 17035630, 17221220, 185590
batch_normalization_24, BatchNormalization, 17221221, 17381907, 160686
batch_normalization_22, BatchNormalization, 17381908, 17497899, 115991
conv2d_25, Conv2D, 17497900, 17747836, 249936
batch_normalization_25, BatchNormalization, 17747837, 17908967, 161130
conv2d_28, Conv2D, 17908968, 18228198, 319230
conv2d_27, Conv2D, 18228199, 20639142, 2410943
batch_normalization_28, BatchNormalization, 20639143, 20755505, 116362
batch_normalization_27, BatchNormalization, 20755506, 20905438, 149932
conv2d_29, Conv2D, 20905439, 21105271, 199832
batch_normalization_29, BatchNormalization, 21105272, 21268705, 163433
conv2d_30, Conv2D, 21268706, 21433717, 165011
batch_normalization_30, BatchNormalization, 21433718, 21475314, 41596
conv2d_35, Conv2D, 21475315, 21741977, 266662
conv2d_32, Conv2D, 21741978, 21986904, 244926
conv2d_31, Conv2D, 21986905, 22481065, 494160
conv2d_40, Conv2D, 22481066, 23015978, 534912
batch_normalization_35, BatchNormalization, 23015979, 23071463, 55484
batch_normalization_32, BatchNormalization, 23071464, 23126378, 54914
batch_normalization_31, BatchNormalization, 23126379, 23204039, 77660
batch_normalization_40, BatchNormalization, 23204040, 23283075, 79035
conv2d_36, Conv2D, 23283076, 23463328, 180252
conv2d_33, Conv2D, 23463329, 23642373, 179044
batch_normalization_36, BatchNormalization, 23642374, 23696396, 54022
batch_normalization_33, BatchNormalization, 23696397, 23750355, 53958
conv2d_37, Conv2D, 23750356, 23880717, 130361
conv2d_34, Conv2D, 23880718, 24124512, 243794
batch_normalization_37, BatchNormalization, 24124513, 24178861, 54348
batch_normalization_34, BatchNormalization, 24178862, 24257274, 78412
conv2d_38, Conv2D, 24257275, 24436522, 179247
batch_normalization_38, BatchNormalization, 24436523, 24491155, 54632
conv2d_39, Conv2D, 24491156, 24735717, 244561
batch_normalization_39, BatchNormalization, 24735718, 24814011, 78293
conv2d_45, Conv2D, 24814012, 25107709, 293697
conv2d_42, Conv2D, 25107710, 25400665, 292955
conv2d_41, Conv2D, 25400666, 25934568, 533902
conv2d_50, Conv2D, 25934569, 26466715, 532146
batch_normalization_45, BatchNormalization, 26466716, 26533888, 67172
batch_normalization_42, BatchNormalization, 26533889, 26600745, 66856
batch_normalization_41, BatchNormalization, 26600746, 26679156, 78410
batch_normalization_50, BatchNormalization, 26679157, 26757753, 78596
conv2d_46, Conv2D, 26757754, 26998549, 240795
conv2d_43, Conv2D, 26998550, 27247839, 249289
batch_normalization_46, BatchNormalization, 27247840, 27313483, 65643
batch_normalization_43, BatchNormalization, 27313484, 27379869, 66385
conv2d_47, Conv2D, 27379870, 27599384, 219514
conv2d_44, Conv2D, 27599385, 27888475, 289090
batch_normalization_47, BatchNormalization, 27888476, 27954370, 65894
batch_normalization_44, BatchNormalization, 27954371, 28033305, 78934
conv2d_48, Conv2D, 28033306, 28244032, 210726
batch_normalization_48, BatchNormalization, 28244033, 28309452, 65419
conv2d_49, Conv2D, 28309453, 28596255, 286802
batch_normalization_49, BatchNormalization, 28596256, 28674925, 78669
conv2d_55, Conv2D, 28674926, 28948880, 273954
conv2d_52, Conv2D, 28948881, 29238766, 289885
conv2d_51, Conv2D, 29238767, 29768859, 530092
conv2d_60, Conv2D, 29768860, 30300196, 531336
batch_normalization_55, BatchNormalization, 30300197, 30366262, 66065
batch_normalization_52, BatchNormalization, 30366263, 30432407, 66144
batch_normalization_51, BatchNormalization, 30432408, 30510968, 78560
batch_normalization_60, BatchNormalization, 30510969, 30589187, 78218
conv2d_56, Conv2D, 30589188, 30830472, 241284
conv2d_53, Conv2D, 30830473, 31070331, 239858
batch_normalization_56, BatchNormalization, 31070332, 31136825, 66493
batch_normalization_53, BatchNormalization, 31136826, 31202514, 65688
conv2d_57, Conv2D, 31202515, 31413705, 211190
conv2d_54, Conv2D, 31413706, 31703103, 289397
batch_normalization_57, BatchNormalization, 31703104, 31769546, 66442
batch_normalization_54, BatchNormalization, 31769547, 31847948, 78401
conv2d_58, Conv2D, 31847949, 32068753, 220804
batch_normalization_58, BatchNormalization, 32068754, 32136002, 67248
conv2d_59, Conv2D, 32136003, 32423419, 287416
batch_normalization_59, BatchNormalization, 32423420, 32502100, 78680
conv2d_65, Conv2D, 32502101, 33031557, 529456
conv2d_62, Conv2D, 33031558, 33557232, 525674
conv2d_61, Conv2D, 33557233, 34085467, 528234
conv2d_70, Conv2D, 34085468, 34612144, 526676
batch_normalization_65, BatchNormalization, 34612145, 34691178, 79033
batch_normalization_62, BatchNormalization, 34691179, 34769603, 78424
batch_normalization_61, BatchNormalization, 34769604, 34847361, 77757
batch_normalization_70, BatchNormalization, 34847362, 34925617, 78255
conv2d_66, Conv2D, 34925618, 35260053, 334435
conv2d_63, Conv2D, 35260054, 35595093, 335039
batch_normalization_66, BatchNormalization, 35595094, 35672567, 77473
batch_normalization_63, BatchNormalization, 35672568, 35750866, 78298
conv2d_67, Conv2D, 35750867, 36086111, 335244
conv2d_64, Conv2D, 36086112, 36483331, 397219
batch_normalization_67, BatchNormalization, 36483332, 36561404, 78072
batch_normalization_64, BatchNormalization, 36561405, 36639666, 78261
conv2d_68, Conv2D, 36639667, 37003655, 363988
batch_normalization_68, BatchNormalization, 37003656, 37081209, 77553
conv2d_69, Conv2D, 37081210, 37415884, 334674
batch_normalization_69, BatchNormalization, 37415885, 37493648, 77763
conv2d_73, Conv2D, 37493649, 37982871, 489222
conv2d_71, Conv2D, 37982872, 38473324, 490452
batch_normalization_73, BatchNormalization, 38473325, 38551147, 77822
batch_normalization_71, BatchNormalization, 38551148, 38629108, 77960
conv2d_74, Conv2D, 38629109, 38972111, 343002
conv2d_72, Conv2D, 38972112, 39404206, 432094
batch_normalization_74, BatchNormalization, 39404207, 39482262, 78055
batch_normalization_72, BatchNormalization, 39482263, 39509617, 27354
conv2d_75, Conv2D, 39509618, 39844331, 334713
batch_normalization_75, BatchNormalization, 39844332, 39922644, 78312
conv2d_76, Conv2D, 39922645, 40188754, 266109
batch_normalization_76, BatchNormalization, 40188755, 40206807, 18052
conv2d_81, Conv2D, 40206808, 40694303, 487495
conv2d_78, Conv2D, 40694304, 41096911, 402607
conv2d_77, Conv2D, 41096912, 41446991, 350079
conv2d_85, Conv2D, 41446992, 41663692, 216700
batch_normalization_81, BatchNormalization, 41663693, 41700692, 36999
batch_normalization_78, BatchNormalization, 41700693, 41732913, 32220
batch_normalization_77, BatchNormalization, 41732914, 41760327, 27413
batch_normalization_85, BatchNormalization, 41760328, 41778377, 18049
conv2d_82, Conv2D, 41778378, 42929444, 1151066
conv2d_79, Conv2D, 42929445, 43279479, 350034
conv2d_80, Conv2D, 43279480, 43637875, 358395
batch_normalization_82, BatchNormalization, 43637876, 43667888, 30012
batch_normalization_79, BatchNormalization, 43667889, 43700842, 32953
batch_normalization_80, BatchNormalization, 43700843, 43732643, 31800
conv2d_83, Conv2D, 43732644, 44089448, 356804
conv2d_84, Conv2D, 44089449, 44445795, 356346
batch_normalization_83, BatchNormalization, 44445796, 44478100, 32304
batch_normalization_84, BatchNormalization, 44478101, 44510772, 32671
conv2d_90, Conv2D, 44510773, 45255492, 744719
conv2d_87, Conv2D, 45255493, 45934656, 679163
conv2d_86, Conv2D, 45934657, 46468815, 534158
conv2d_94, Conv2D, 46468816, 46844350, 375534
batch_normalization_90, BatchNormalization, 46844351, 46880302, 35951
batch_normalization_87, BatchNormalization, 46880303, 46912397, 32094
batch_normalization_86, BatchNormalization, 46912398, 46940378, 27980
batch_normalization_94, BatchNormalization, 46940379, 46957513, 17134
conv2d_91, Conv2D, 46957514, 48122909, 1165395
conv2d_88, Conv2D, 48122910, 48478344, 355434
conv2d_89, Conv2D, 48478345, 48832197, 353852
batch_normalization_91, BatchNormalization, 48832198, 48862631, 30433
batch_normalization_88, BatchNormalization, 48862632, 48894652, 32020
batch_normalization_89, BatchNormalization, 48894653, 48925356, 30703
conv2d_92, Conv2D, 48925357, 49279850, 354493
conv2d_93, Conv2D, 49279851, 49635622, 355771
batch_normalization_92, BatchNormalization, 49635623, 49667161, 31538
batch_normalization_93, BatchNormalization, 49667162, 49699012, 31850
predictions, Dense, 49699013, 51191559, 1492546
Start, Control, 0, 1, 1
End, Control, 51191560, 51191561, 1
