conv2d_1, Conv2D, 2, 690358, 690356
batch_normalization_1, BatchNormalization, 690359, 1626639, 936280
conv2d_2, Conv2D, 1626640, 2634103, 1007463
batch_normalization_2, BatchNormalization, 2634104, 3580227, 946123
conv2d_3, Conv2D, 3580228, 5031365, 1451137
batch_normalization_3, BatchNormalization, 5031366, 6714280, 1682914
conv2d_4, Conv2D, 6714281, 7235123, 520842
batch_normalization_4, BatchNormalization, 7235124, 7795092, 559968
conv2d_5, Conv2D, 7795093, 9273323, 1478230
batch_normalization_5, BatchNormalization, 9273324, 10531937, 1258613
conv2d_9, Conv2D, 10531938, 10762922, 230984
conv2d_7, Conv2D, 10762923, 10981084, 218161
conv2d_6, Conv2D, 10981085, 11210238, 229153
conv2d_12, Conv2D, 11210239, 11414887, 204648
batch_normalization_9, BatchNormalization, 11414888, 11530147, 115259
batch_normalization_7, BatchNormalization, 11530148, 11615545, 85397
batch_normalization_6, BatchNormalization, 11615546, 11730362, 114816
batch_normalization_12, BatchNormalization, 11730363, 11794757, 64394
conv2d_10, Conv2D, 11794758, 11986545, 191787
conv2d_8, Conv2D, 11986546, 12232618, 246072
batch_normalization_10, BatchNormalization, 12232619, 12391859, 159240
batch_normalization_8, BatchNormalization, 12391860, 12506403, 114543
conv2d_11, Conv2D, 12506404, 12773613, 267209
batch_normalization_11, BatchNormalization, 12773614, 12935353, 161739
conv2d_16, Conv2D, 12935354, 13228007, 292653
conv2d_14, Conv2D, 13228008, 13505322, 277314
conv2d_13, Conv2D, 13505323, 13786590, 281267
conv2d_19, Conv2D, 13786591, 14082009, 295418
batch_normalization_16, BatchNormalization, 14082010, 14196718, 114708
batch_normalization_14, BatchNormalization, 14196719, 14283985, 87266
batch_normalization_13, BatchNormalization, 14283986, 14399910, 115924
batch_normalization_19, BatchNormalization, 14399911, 14515797, 115886
conv2d_17, Conv2D, 14515798, 14710255, 194457
conv2d_15, Conv2D, 14710256, 14957738, 247482
batch_normalization_17, BatchNormalization, 14957739, 15118414, 160675
batch_normalization_15, BatchNormalization, 15118415, 15233343, 114928
conv2d_18, Conv2D, 15233344, 15508700, 275356
batch_normalization_18, BatchNormalization, 15508701, 15668365, 159664
conv2d_23, Conv2D, 15668366, 15986431, 318065
conv2d_21, Conv2D, 15986432, 16289052, 302620
conv2d_20, Conv2D, 16289053, 16605358, 316305
conv2d_26, Conv2D, 16605359, 16921005, 315646
batch_normalization_23, BatchNormalization, 16921006, 17036768, 115762
batch_normalization_21, BatchNormalization, 17036769, 17121803, 85034
batch_normalization_20, BatchNormalization, 17121804, 17236947, 115143
batch_normalization_26, BatchNormalization, 17236948, 17353231, 116283
conv2d_24, Conv2D, 17353232, 17537448, 184216
conv2d_22, Conv2D, 17537449, 17782321, 244872
batch_normalization_24, BatchNormalization, 17782322, 17944950, 162628
batch_normalization_22, BatchNormalization, 17944951, 18060943, 115992
conv2d_25, Conv2D, 18060944, 18337551, 276607
batch_normalization_25, BatchNormalization, 18337552, 18497467, 159915
conv2d_28, Conv2D, 18497468, 18815958, 318490
conv2d_27, Conv2D, 18815959, 21223603, 2407644
batch_normalization_28, BatchNormalization, 21223604, 21338838, 115234
batch_normalization_27, BatchNormalization, 21338839, 21488273, 149434
conv2d_29, Conv2D, 21488274, 21691516, 203242
batch_normalization_29, BatchNormalization, 21691517, 21853287, 161770
conv2d_30, Conv2D, 21853288, 22018162, 164874
batch_normalization_30, BatchNormalization, 22018163, 22059706, 41543
conv2d_35, Conv2D, 22059707, 22326317, 266610
conv2d_32, Conv2D, 22326318, 22571925, 245607
conv2d_31, Conv2D, 22571926, 23062569, 490643
conv2d_40, Conv2D, 23062570, 23598463, 535893
batch_normalization_35, BatchNormalization, 23598464, 23653151, 54687
batch_normalization_32, BatchNormalization, 23653152, 23707474, 54322
batch_normalization_31, BatchNormalization, 23707475, 23785777, 78302
batch_normalization_40, BatchNormalization, 23785778, 23865262, 79484
conv2d_36, Conv2D, 23865263, 24048484, 183221
conv2d_33, Conv2D, 24048485, 24227882, 179397
batch_normalization_36, BatchNormalization, 24227883, 24281401, 53518
batch_normalization_33, BatchNormalization, 24281402, 24335088, 53686
conv2d_37, Conv2D, 24335089, 24471369, 136280
conv2d_34, Conv2D, 24471370, 24716563, 245193
batch_normalization_37, BatchNormalization, 24716564, 24771603, 55039
batch_normalization_34, BatchNormalization, 24771604, 24850009, 78405
conv2d_38, Conv2D, 24850010, 25028443, 178433
batch_normalization_38, BatchNormalization, 25028444, 25082236, 53792
conv2d_39, Conv2D, 25082237, 25324984, 242747
batch_normalization_39, BatchNormalization, 25324985, 25403313, 78328
conv2d_45, Conv2D, 25403314, 25697661, 294347
conv2d_42, Conv2D, 25697662, 25993473, 295811
conv2d_41, Conv2D, 25993474, 26526101, 532627
conv2d_50, Conv2D, 26526102, 27058419, 532317
batch_normalization_45, BatchNormalization, 27058420, 27126134, 67714
batch_normalization_42, BatchNormalization, 27126135, 27192609, 66474
batch_normalization_41, BatchNormalization, 27192610, 27271081, 78471
batch_normalization_50, BatchNormalization, 27271082, 27349463, 78381
conv2d_46, Conv2D, 27349464, 27589885, 240421
conv2d_43, Conv2D, 27589886, 27838442, 248556
batch_normalization_46, BatchNormalization, 27838443, 27904091, 65648
batch_normalization_43, BatchNormalization, 27904092, 27969708, 65616
conv2d_47, Conv2D, 27969709, 28190846, 221137
conv2d_44, Conv2D, 28190847, 28478280, 287433
batch_normalization_47, BatchNormalization, 28478281, 28543905, 65624
batch_normalization_44, BatchNormalization, 28543906, 28622695, 78789
conv2d_48, Conv2D, 28622696, 28834074, 211378
batch_normalization_48, BatchNormalization, 28834075, 28899583, 65508
conv2d_49, Conv2D, 28899584, 29185422, 285838
batch_normalization_49, BatchNormalization, 29185423, 29263780, 78357
conv2d_55, Conv2D, 29263781, 29540351, 276570
conv2d_52, Conv2D, 29540352, 29830007, 289655
conv2d_51, Conv2D, 29830008, 30359682, 529674
conv2d_60, Conv2D, 30359683, 30889715, 530032
batch_normalization_55, BatchNormalization, 30889716, 30955658, 65942
batch_normalization_52, BatchNormalization, 30955659, 31022953, 67294
batch_normalization_51, BatchNormalization, 31022954, 31101161, 78207
batch_normalization_60, BatchNormalization, 31101162, 31179906, 78744
conv2d_56, Conv2D, 31179907, 31421904, 241997
conv2d_53, Conv2D, 31421905, 31660991, 239086
batch_normalization_56, BatchNormalization, 31660992, 31727554, 66562
batch_normalization_53, BatchNormalization, 31727555, 31793560, 66005
conv2d_57, Conv2D, 31793561, 32004973, 211412
conv2d_54, Conv2D, 32004974, 32293561, 288587
batch_normalization_57, BatchNormalization, 32293562, 32359297, 65735
batch_normalization_54, BatchNormalization, 32359298, 32437962, 78664
conv2d_58, Conv2D, 32437963, 32657515, 219552
batch_normalization_58, BatchNormalization, 32657516, 32724405, 66889
conv2d_59, Conv2D, 32724406, 33010550, 286144
batch_normalization_59, BatchNormalization, 33010551, 33088327, 77776
conv2d_65, Conv2D, 33088328, 33615856, 527528
conv2d_62, Conv2D, 33615857, 34144280, 528423
conv2d_61, Conv2D, 34144281, 34671819, 527538
conv2d_70, Conv2D, 34671820, 35198898, 527078
batch_normalization_65, BatchNormalization, 35198899, 35277012, 78113
batch_normalization_62, BatchNormalization, 35277013, 35355199, 78186
batch_normalization_61, BatchNormalization, 35355200, 35432860, 77660
batch_normalization_70, BatchNormalization, 35432861, 35510479, 77618
conv2d_66, Conv2D, 35510480, 35844430, 333950
conv2d_63, Conv2D, 35844431, 36179529, 335098
batch_normalization_66, BatchNormalization, 36179530, 36257196, 77666
batch_normalization_63, BatchNormalization, 36257197, 36335573, 78376
conv2d_67, Conv2D, 36335574, 36671050, 335476
conv2d_64, Conv2D, 36671051, 37065983, 394932
batch_normalization_67, BatchNormalization, 37065984, 37143998, 78014
batch_normalization_64, BatchNormalization, 37143999, 37222070, 78071
conv2d_68, Conv2D, 37222071, 37587662, 365591
batch_normalization_68, BatchNormalization, 37587663, 37665159, 77496
conv2d_69, Conv2D, 37665160, 38000307, 335147
batch_normalization_69, BatchNormalization, 38000308, 38077957, 77649
conv2d_73, Conv2D, 38077958, 38567579, 489621
conv2d_71, Conv2D, 38567580, 39057732, 490152
batch_normalization_73, BatchNormalization, 39057733, 39135340, 77607
batch_normalization_71, BatchNormalization, 39135341, 39213459, 78118
conv2d_74, Conv2D, 39213460, 39557988, 344528
conv2d_72, Conv2D, 39557989, 39992630, 434641
batch_normalization_74, BatchNormalization, 39992631, 40070806, 78175
batch_normalization_72, BatchNormalization, 40070807, 40097608, 26801
conv2d_75, Conv2D, 40097609, 40432307, 334698
batch_normalization_75, BatchNormalization, 40432308, 40510414, 78106
conv2d_76, Conv2D, 40510415, 40778800, 268385
batch_normalization_76, BatchNormalization, 40778801, 40797414, 18613
conv2d_81, Conv2D, 40797415, 41285730, 488315
conv2d_78, Conv2D, 41285731, 41689227, 403496
conv2d_77, Conv2D, 41689228, 42040116, 350888
conv2d_85, Conv2D, 42040117, 42256013, 215896
batch_normalization_81, BatchNormalization, 42256014, 42292297, 36283
batch_normalization_78, BatchNormalization, 42292298, 42324044, 31746
batch_normalization_77, BatchNormalization, 42324045, 42351451, 27406
batch_normalization_85, BatchNormalization, 42351452, 42369489, 18037
conv2d_82, Conv2D, 42369490, 43523734, 1154244
conv2d_79, Conv2D, 43523735, 43876807, 353072
conv2d_80, Conv2D, 43876808, 44236080, 359272
batch_normalization_82, BatchNormalization, 44236081, 44265946, 29865
batch_normalization_79, BatchNormalization, 44265947, 44299582, 33635
batch_normalization_80, BatchNormalization, 44299583, 44331261, 31678
conv2d_83, Conv2D, 44331262, 44689208, 357946
conv2d_84, Conv2D, 44689209, 45045810, 356601
batch_normalization_83, BatchNormalization, 45045811, 45078628, 32817
batch_normalization_84, BatchNormalization, 45078629, 45111211, 32582
conv2d_90, Conv2D, 45111212, 45857641, 746429
conv2d_87, Conv2D, 45857642, 46535785, 678143
conv2d_86, Conv2D, 46535786, 47071332, 535546
conv2d_94, Conv2D, 47071333, 47447786, 376453
batch_normalization_90, BatchNormalization, 47447787, 47483910, 36123
batch_normalization_87, BatchNormalization, 47483911, 47515829, 31918
batch_normalization_86, BatchNormalization, 47515830, 47543674, 27844
batch_normalization_94, BatchNormalization, 47543675, 47561660, 17985
conv2d_91, Conv2D, 47561661, 48730099, 1168438
conv2d_88, Conv2D, 48730100, 49087003, 356903
conv2d_89, Conv2D, 49087004, 49442179, 355175
batch_normalization_91, BatchNormalization, 49442180, 49472524, 30344
batch_normalization_88, BatchNormalization, 49472525, 49504675, 32150
batch_normalization_89, BatchNormalization, 49504676, 49535540, 30864
conv2d_92, Conv2D, 49535541, 49890620, 355079
conv2d_93, Conv2D, 49890621, 50248203, 357582
batch_normalization_92, BatchNormalization, 50248204, 50279716, 31512
batch_normalization_93, BatchNormalization, 50279717, 50311455, 31738
predictions, Dense, 50311456, 51774706, 1463250
Start, Control, 0, 1, 1
End, Control, 51774707, 51774708, 1
