conv2d_1, Conv2D, 2, 689715, 689713
batch_normalization_1, BatchNormalization, 689716, 1626512, 936796
conv2d_2, Conv2D, 1626513, 2632018, 1005505
batch_normalization_2, BatchNormalization, 2632019, 3576854, 944835
conv2d_3, Conv2D, 3576855, 5078688, 1501833
batch_normalization_3, BatchNormalization, 5078689, 6761422, 1682733
conv2d_4, Conv2D, 6761423, 7280936, 519513
batch_normalization_4, BatchNormalization, 7280937, 7840419, 559482
conv2d_5, Conv2D, 7840420, 9320889, 1480469
batch_normalization_5, BatchNormalization, 9320890, 10579776, 1258886
conv2d_9, Conv2D, 10579777, 10810282, 230505
conv2d_7, Conv2D, 10810283, 11029048, 218765
conv2d_6, Conv2D, 11029049, 11257967, 228918
conv2d_12, Conv2D, 11257968, 11462591, 204623
batch_normalization_9, BatchNormalization, 11462592, 11578202, 115610
batch_normalization_7, BatchNormalization, 11578203, 11663644, 85441
batch_normalization_6, BatchNormalization, 11663645, 11778592, 114947
batch_normalization_12, BatchNormalization, 11778593, 11842636, 64043
conv2d_10, Conv2D, 11842637, 12033927, 191290
conv2d_8, Conv2D, 12033928, 12281290, 247362
batch_normalization_10, BatchNormalization, 12281291, 12440301, 159010
batch_normalization_8, BatchNormalization, 12440302, 12555904, 115602
conv2d_11, Conv2D, 12555905, 12823203, 267298
batch_normalization_11, BatchNormalization, 12823204, 12984312, 161108
conv2d_16, Conv2D, 12984313, 13280701, 296388
conv2d_14, Conv2D, 13280702, 13558295, 277593
conv2d_13, Conv2D, 13558296, 13851499, 293203
conv2d_19, Conv2D, 13851500, 14140444, 288944
batch_normalization_16, BatchNormalization, 14140445, 14256963, 116518
batch_normalization_14, BatchNormalization, 14256964, 14344169, 87205
batch_normalization_13, BatchNormalization, 14344170, 14459490, 115320
batch_normalization_19, BatchNormalization, 14459491, 14574890, 115399
conv2d_17, Conv2D, 14574891, 14768081, 193190
conv2d_15, Conv2D, 14768082, 15014855, 246773
batch_normalization_17, BatchNormalization, 15014856, 15174755, 159899
batch_normalization_15, BatchNormalization, 15174756, 15289651, 114895
conv2d_18, Conv2D, 15289652, 15555227, 265575
batch_normalization_18, BatchNormalization, 15555228, 15715631, 160403
conv2d_23, Conv2D, 15715632, 16033024, 317392
conv2d_21, Conv2D, 16033025, 16337175, 304150
conv2d_20, Conv2D, 16337176, 16664540, 327364
conv2d_26, Conv2D, 16664541, 16980658, 316117
batch_normalization_23, BatchNormalization, 16980659, 17096591, 115932
batch_normalization_21, BatchNormalization, 17096592, 17181630, 85038
batch_normalization_20, BatchNormalization, 17181631, 17296437, 114806
batch_normalization_26, BatchNormalization, 17296438, 17412052, 115614
conv2d_24, Conv2D, 17412053, 17606142, 194089
conv2d_22, Conv2D, 17606143, 17851129, 244986
batch_normalization_24, BatchNormalization, 17851130, 18013148, 162018
batch_normalization_22, BatchNormalization, 18013149, 18128877, 115728
conv2d_25, Conv2D, 18128878, 18397047, 268169
batch_normalization_25, BatchNormalization, 18397048, 18557779, 160731
conv2d_28, Conv2D, 18557780, 18876854, 319074
conv2d_27, Conv2D, 18876855, 21290283, 2413428
batch_normalization_28, BatchNormalization, 21290284, 21406045, 115761
batch_normalization_27, BatchNormalization, 21406046, 21555893, 149847
conv2d_29, Conv2D, 21555894, 21747926, 192032
batch_normalization_29, BatchNormalization, 21747927, 21910061, 162134
conv2d_30, Conv2D, 21910062, 22075991, 165929
batch_normalization_30, BatchNormalization, 22075992, 22116663, 40671
conv2d_35, Conv2D, 22116664, 22376619, 259955
conv2d_32, Conv2D, 22376620, 22622904, 246284
conv2d_31, Conv2D, 22622905, 23115382, 492477
conv2d_40, Conv2D, 23115383, 23650078, 534695
batch_normalization_35, BatchNormalization, 23650079, 23704619, 54540
batch_normalization_32, BatchNormalization, 23704620, 23759215, 54595
batch_normalization_31, BatchNormalization, 23759216, 23837632, 78416
batch_normalization_40, BatchNormalization, 23837633, 23916083, 78450
conv2d_36, Conv2D, 23916084, 24069088, 153004
conv2d_33, Conv2D, 24069089, 24222124, 153035
batch_normalization_36, BatchNormalization, 24222125, 24275510, 53385
batch_normalization_33, BatchNormalization, 24275511, 24329363, 53852
conv2d_37, Conv2D, 24329364, 24465069, 135705
conv2d_34, Conv2D, 24465070, 24690417, 225347
batch_normalization_37, BatchNormalization, 24690418, 24743938, 53520
batch_normalization_34, BatchNormalization, 24743939, 24821953, 78014
conv2d_38, Conv2D, 24821954, 24972354, 150400
batch_normalization_38, BatchNormalization, 24972355, 25026788, 54433
conv2d_39, Conv2D, 25026789, 25251599, 224810
batch_normalization_39, BatchNormalization, 25251600, 25330108, 78508
conv2d_45, Conv2D, 25330109, 25612634, 282525
conv2d_42, Conv2D, 25612635, 25906615, 293980
conv2d_41, Conv2D, 25906616, 26440496, 533880
conv2d_50, Conv2D, 26440497, 26971900, 531403
batch_normalization_45, BatchNormalization, 26971901, 27038783, 66882
batch_normalization_42, BatchNormalization, 27038784, 27104644, 65860
batch_normalization_41, BatchNormalization, 27104645, 27182762, 78117
batch_normalization_50, BatchNormalization, 27182763, 27261739, 78976
conv2d_46, Conv2D, 27261740, 27497038, 235298
conv2d_43, Conv2D, 27497039, 27732549, 235510
batch_normalization_46, BatchNormalization, 27732550, 27798507, 65957
batch_normalization_43, BatchNormalization, 27798508, 27864018, 65510
conv2d_47, Conv2D, 27864019, 28099243, 235224
conv2d_44, Conv2D, 28099244, 28388485, 289241
batch_normalization_47, BatchNormalization, 28388486, 28454756, 66270
batch_normalization_44, BatchNormalization, 28454757, 28533012, 78255
conv2d_48, Conv2D, 28533013, 28768144, 235131
batch_normalization_48, BatchNormalization, 28768145, 28834023, 65878
conv2d_49, Conv2D, 28834024, 29120736, 286712
batch_normalization_49, BatchNormalization, 29120737, 29198506, 77769
conv2d_55, Conv2D, 29198507, 29478301, 279794
conv2d_52, Conv2D, 29478302, 29757074, 278772
conv2d_51, Conv2D, 29757075, 30287616, 530541
conv2d_60, Conv2D, 30287617, 30821686, 534069
batch_normalization_55, BatchNormalization, 30821687, 30887933, 66246
batch_normalization_52, BatchNormalization, 30887934, 30954313, 66379
batch_normalization_51, BatchNormalization, 30954314, 31032062, 77748
batch_normalization_60, BatchNormalization, 31032063, 31110699, 78636
conv2d_56, Conv2D, 31110700, 31343987, 233287
conv2d_53, Conv2D, 31343988, 31577408, 233420
batch_normalization_56, BatchNormalization, 31577409, 31643731, 66322
batch_normalization_53, BatchNormalization, 31643732, 31709454, 65722
conv2d_57, Conv2D, 31709455, 31943612, 234157
conv2d_54, Conv2D, 31943613, 32232611, 288998
batch_normalization_57, BatchNormalization, 32232612, 32298614, 66002
batch_normalization_54, BatchNormalization, 32298615, 32376675, 78060
conv2d_58, Conv2D, 32376676, 32610879, 234203
batch_normalization_58, BatchNormalization, 32610880, 32678567, 67687
conv2d_59, Conv2D, 32678568, 32962797, 284229
batch_normalization_59, BatchNormalization, 32962798, 33041174, 78376
conv2d_65, Conv2D, 33041175, 33569790, 528615
conv2d_62, Conv2D, 33569791, 34096956, 527165
conv2d_61, Conv2D, 34096957, 34625518, 528561
conv2d_70, Conv2D, 34625519, 35152538, 527019
batch_normalization_65, BatchNormalization, 35152539, 35230838, 78299
batch_normalization_62, BatchNormalization, 35230839, 35309319, 78480
batch_normalization_61, BatchNormalization, 35309320, 35387076, 77756
batch_normalization_70, BatchNormalization, 35387077, 35464815, 77738
conv2d_66, Conv2D, 35464816, 35799516, 334700
conv2d_63, Conv2D, 35799517, 36134484, 334967
batch_normalization_66, BatchNormalization, 36134485, 36212058, 77573
batch_normalization_63, BatchNormalization, 36212059, 36290510, 78451
conv2d_67, Conv2D, 36290511, 36626198, 335687
conv2d_64, Conv2D, 36626199, 37024385, 398186
batch_normalization_67, BatchNormalization, 37024386, 37102493, 78107
batch_normalization_64, BatchNormalization, 37102494, 37180590, 78096
conv2d_68, Conv2D, 37180591, 37515344, 334753
batch_normalization_68, BatchNormalization, 37515345, 37593059, 77714
conv2d_69, Conv2D, 37593060, 37927875, 334815
batch_normalization_69, BatchNormalization, 37927876, 38005642, 77766
conv2d_73, Conv2D, 38005643, 38496316, 490673
conv2d_71, Conv2D, 38496317, 38986475, 490158
batch_normalization_73, BatchNormalization, 38986476, 39064077, 77601
batch_normalization_71, BatchNormalization, 39064078, 39141941, 77863
conv2d_74, Conv2D, 39141942, 39476403, 334461
conv2d_72, Conv2D, 39476404, 39911743, 435339
batch_normalization_74, BatchNormalization, 39911744, 39989899, 78155
batch_normalization_72, BatchNormalization, 39989900, 40016346, 26446
conv2d_75, Conv2D, 40016347, 40351160, 334813
batch_normalization_75, BatchNormalization, 40351161, 40429626, 78465
conv2d_76, Conv2D, 40429627, 40698221, 268594
batch_normalization_76, BatchNormalization, 40698222, 40717075, 18853
conv2d_81, Conv2D, 40717076, 41205239, 488163
conv2d_78, Conv2D, 41205240, 41608908, 403668
conv2d_77, Conv2D, 41608909, 41958396, 349487
conv2d_85, Conv2D, 41958397, 42175086, 216689
batch_normalization_81, BatchNormalization, 42175087, 42211659, 36572
batch_normalization_78, BatchNormalization, 42211660, 42243278, 31618
batch_normalization_77, BatchNormalization, 42243279, 42270428, 27149
batch_normalization_85, BatchNormalization, 42270429, 42288393, 17964
conv2d_82, Conv2D, 42288394, 43442857, 1154463
conv2d_79, Conv2D, 43442858, 43800655, 357797
conv2d_80, Conv2D, 43800656, 44152092, 351436
batch_normalization_82, BatchNormalization, 44152093, 44182019, 29926
batch_normalization_79, BatchNormalization, 44182020, 44215858, 33838
batch_normalization_80, BatchNormalization, 44215859, 44247844, 31985
conv2d_83, Conv2D, 44247845, 44602151, 354306
conv2d_84, Conv2D, 44602152, 44959216, 357064
batch_normalization_83, BatchNormalization, 44959217, 44992053, 32836
batch_normalization_84, BatchNormalization, 44992054, 45025040, 32986
conv2d_90, Conv2D, 45025041, 45771386, 746345
conv2d_87, Conv2D, 45771387, 46449482, 678095
conv2d_86, Conv2D, 46449483, 46984834, 535351
conv2d_94, Conv2D, 46984835, 47360448, 375613
batch_normalization_90, BatchNormalization, 47360449, 47396681, 36232
batch_normalization_87, BatchNormalization, 47396682, 47428785, 32103
batch_normalization_86, BatchNormalization, 47428786, 47456446, 27660
batch_normalization_94, BatchNormalization, 47456447, 47473585, 17138
conv2d_91, Conv2D, 47473586, 48641173, 1167587
conv2d_88, Conv2D, 48641174, 48997264, 356090
conv2d_89, Conv2D, 48997265, 49343102, 345837
batch_normalization_91, BatchNormalization, 49343103, 49373389, 30286
batch_normalization_88, BatchNormalization, 49373390, 49405536, 32146
batch_normalization_89, BatchNormalization, 49405537, 49436660, 31123
conv2d_92, Conv2D, 49436661, 49788636, 351975
conv2d_93, Conv2D, 49788637, 50146073, 357436
batch_normalization_92, BatchNormalization, 50146074, 50177814, 31740
batch_normalization_93, BatchNormalization, 50177815, 50209929, 32114
predictions, Dense, 50209930, 51702959, 1493029
Start, Control, 0, 1, 1
End, Control, 51702960, 51702961, 1
