conv2d_1, Conv2D, 2, 688681, 688679
batch_normalization_1, BatchNormalization, 688682, 1624095, 935413
conv2d_2, Conv2D, 1624096, 2631673, 1007577
batch_normalization_2, BatchNormalization, 2631674, 3578087, 946413
conv2d_3, Conv2D, 3578088, 5078695, 1500607
batch_normalization_3, BatchNormalization, 5078696, 6763001, 1684305
conv2d_4, Conv2D, 6763002, 7281818, 518816
batch_normalization_4, BatchNormalization, 7281819, 7840770, 558951
conv2d_5, Conv2D, 7840771, 9319769, 1478998
batch_normalization_5, BatchNormalization, 9319770, 10578724, 1258954
conv2d_9, Conv2D, 10578725, 10809120, 230395
conv2d_7, Conv2D, 10809121, 11028239, 219118
conv2d_6, Conv2D, 11028240, 11256191, 227951
conv2d_12, Conv2D, 11256192, 11461590, 205398
batch_normalization_9, BatchNormalization, 11461591, 11577455, 115864
batch_normalization_7, BatchNormalization, 11577456, 11664483, 87027
batch_normalization_6, BatchNormalization, 11664484, 11780033, 115549
batch_normalization_12, BatchNormalization, 11780034, 11845295, 65261
conv2d_10, Conv2D, 11845296, 12037146, 191850
conv2d_8, Conv2D, 12037147, 12284686, 247539
batch_normalization_10, BatchNormalization, 12284687, 12444236, 159549
batch_normalization_8, BatchNormalization, 12444237, 12559899, 115662
conv2d_11, Conv2D, 12559900, 12827866, 267966
batch_normalization_11, BatchNormalization, 12827867, 12988832, 160965
conv2d_16, Conv2D, 12988833, 13281534, 292701
conv2d_14, Conv2D, 13281535, 13559073, 277538
conv2d_13, Conv2D, 13559074, 13853063, 293989
conv2d_19, Conv2D, 13853064, 14142546, 289482
batch_normalization_16, BatchNormalization, 14142547, 14257988, 115441
batch_normalization_14, BatchNormalization, 14257989, 14345526, 87537
batch_normalization_13, BatchNormalization, 14345527, 14460714, 115187
batch_normalization_19, BatchNormalization, 14460715, 14576399, 115684
conv2d_17, Conv2D, 14576400, 14768424, 192024
conv2d_15, Conv2D, 14768425, 15015544, 247119
batch_normalization_17, BatchNormalization, 15015545, 15175485, 159940
batch_normalization_15, BatchNormalization, 15175486, 15290691, 115205
conv2d_18, Conv2D, 15290692, 15556434, 265742
batch_normalization_18, BatchNormalization, 15556435, 15716984, 160549
conv2d_23, Conv2D, 15716985, 16035516, 318531
conv2d_21, Conv2D, 16035517, 16339883, 304366
conv2d_20, Conv2D, 16339884, 16667319, 327435
conv2d_26, Conv2D, 16667320, 16983343, 316023
batch_normalization_23, BatchNormalization, 16983344, 17098640, 115296
batch_normalization_21, BatchNormalization, 17098641, 17183826, 85185
batch_normalization_20, BatchNormalization, 17183827, 17299573, 115746
batch_normalization_26, BatchNormalization, 17299574, 17416129, 116555
conv2d_24, Conv2D, 17416130, 17609205, 193075
conv2d_22, Conv2D, 17609206, 17854407, 245201
batch_normalization_24, BatchNormalization, 17854408, 18016168, 161760
batch_normalization_22, BatchNormalization, 18016169, 18130830, 114661
conv2d_25, Conv2D, 18130831, 18399743, 268912
batch_normalization_25, BatchNormalization, 18399744, 18560509, 160765
conv2d_28, Conv2D, 18560510, 18878918, 318408
conv2d_27, Conv2D, 18878919, 21288088, 2409169
batch_normalization_28, BatchNormalization, 21288089, 21403896, 115807
batch_normalization_27, BatchNormalization, 21403897, 21553788, 149891
conv2d_29, Conv2D, 21553789, 21746982, 193193
batch_normalization_29, BatchNormalization, 21746983, 21909468, 162485
conv2d_30, Conv2D, 21909469, 22074589, 165120
batch_normalization_30, BatchNormalization, 22074590, 22116715, 42125
conv2d_35, Conv2D, 22116716, 22376405, 259689
conv2d_32, Conv2D, 22376406, 22620059, 243653
conv2d_31, Conv2D, 22620060, 23113217, 493157
conv2d_40, Conv2D, 23113218, 23649602, 536384
batch_normalization_35, BatchNormalization, 23649603, 23704451, 54848
batch_normalization_32, BatchNormalization, 23704452, 23759545, 55093
batch_normalization_31, BatchNormalization, 23759546, 23837921, 78375
batch_normalization_40, BatchNormalization, 23837922, 23915645, 77723
conv2d_36, Conv2D, 23915646, 24069545, 153899
conv2d_33, Conv2D, 24069546, 24221624, 152078
batch_normalization_36, BatchNormalization, 24221625, 24275543, 53918
batch_normalization_33, BatchNormalization, 24275544, 24329619, 54075
conv2d_37, Conv2D, 24329620, 24465669, 136049
conv2d_34, Conv2D, 24465670, 24691800, 226130
batch_normalization_37, BatchNormalization, 24691801, 24746433, 54632
batch_normalization_34, BatchNormalization, 24746434, 24825140, 78706
conv2d_38, Conv2D, 24825141, 24976429, 151288
batch_normalization_38, BatchNormalization, 24976430, 25031284, 54854
conv2d_39, Conv2D, 25031285, 25256599, 225314
batch_normalization_39, BatchNormalization, 25256600, 25334942, 78342
conv2d_45, Conv2D, 25334943, 25616338, 281395
conv2d_42, Conv2D, 25616339, 25910048, 293709
conv2d_41, Conv2D, 25910049, 26443921, 533872
conv2d_50, Conv2D, 26443922, 26975000, 531078
batch_normalization_45, BatchNormalization, 26975001, 27042202, 67201
batch_normalization_42, BatchNormalization, 27042203, 27108680, 66477
batch_normalization_41, BatchNormalization, 27108681, 27187833, 79152
batch_normalization_50, BatchNormalization, 27187834, 27266453, 78619
conv2d_46, Conv2D, 27266454, 27501812, 235358
conv2d_43, Conv2D, 27501813, 27737336, 235523
batch_normalization_46, BatchNormalization, 27737337, 27803231, 65894
batch_normalization_43, BatchNormalization, 27803232, 27868648, 65416
conv2d_47, Conv2D, 27868649, 28104232, 235583
conv2d_44, Conv2D, 28104233, 28393172, 288939
batch_normalization_47, BatchNormalization, 28393173, 28459011, 65838
batch_normalization_44, BatchNormalization, 28459012, 28537375, 78363
conv2d_48, Conv2D, 28537376, 28771911, 234535
batch_normalization_48, BatchNormalization, 28771912, 28837520, 65608
conv2d_49, Conv2D, 28837521, 29124400, 286879
batch_normalization_49, BatchNormalization, 29124401, 29202562, 78161
conv2d_55, Conv2D, 29202563, 29482864, 280301
conv2d_52, Conv2D, 29482865, 29761387, 278522
conv2d_51, Conv2D, 29761388, 30293407, 532019
conv2d_60, Conv2D, 30293408, 30827248, 533840
batch_normalization_55, BatchNormalization, 30827249, 30893263, 66014
batch_normalization_52, BatchNormalization, 30893264, 30960716, 67452
batch_normalization_51, BatchNormalization, 30960717, 31039048, 78331
batch_normalization_60, BatchNormalization, 31039049, 31117701, 78652
conv2d_56, Conv2D, 31117702, 31353425, 235723
conv2d_53, Conv2D, 31353426, 31587991, 234565
batch_normalization_56, BatchNormalization, 31587992, 31654562, 66570
batch_normalization_53, BatchNormalization, 31654563, 31721422, 66859
conv2d_57, Conv2D, 31721423, 31955511, 234088
conv2d_54, Conv2D, 31955512, 32244288, 288776
batch_normalization_57, BatchNormalization, 32244289, 32310478, 66189
batch_normalization_54, BatchNormalization, 32310479, 32389629, 79150
conv2d_58, Conv2D, 32389630, 32624790, 235160
batch_normalization_58, BatchNormalization, 32624791, 32691230, 66439
conv2d_59, Conv2D, 32691231, 32974220, 282989
batch_normalization_59, BatchNormalization, 32974221, 33052697, 78476
conv2d_65, Conv2D, 33052698, 33583016, 530318
conv2d_62, Conv2D, 33583017, 34109853, 526836
conv2d_61, Conv2D, 34109854, 34635735, 525881
conv2d_70, Conv2D, 34635736, 35162630, 526894
batch_normalization_65, BatchNormalization, 35162631, 35240696, 78065
batch_normalization_62, BatchNormalization, 35240697, 35318967, 78270
batch_normalization_61, BatchNormalization, 35318968, 35396882, 77914
batch_normalization_70, BatchNormalization, 35396883, 35474298, 77415
conv2d_66, Conv2D, 35474299, 35808645, 334346
conv2d_63, Conv2D, 35808646, 36143955, 335309
batch_normalization_66, BatchNormalization, 36143956, 36221589, 77633
batch_normalization_63, BatchNormalization, 36221590, 36299792, 78202
conv2d_67, Conv2D, 36299793, 36635047, 335254
conv2d_64, Conv2D, 36635048, 37032912, 397864
batch_normalization_67, BatchNormalization, 37032913, 37111042, 78129
batch_normalization_64, BatchNormalization, 37111043, 37189061, 78018
conv2d_68, Conv2D, 37189062, 37523925, 334863
batch_normalization_68, BatchNormalization, 37523926, 37601630, 77704
conv2d_69, Conv2D, 37601631, 37936923, 335292
batch_normalization_69, BatchNormalization, 37936924, 38014947, 78023
conv2d_73, Conv2D, 38014948, 38504822, 489874
conv2d_71, Conv2D, 38504823, 38994030, 489207
batch_normalization_73, BatchNormalization, 38994031, 39071810, 77779
batch_normalization_71, BatchNormalization, 39071811, 39149677, 77866
conv2d_74, Conv2D, 39149678, 39484013, 334335
conv2d_72, Conv2D, 39484014, 39919521, 435507
batch_normalization_74, BatchNormalization, 39919522, 39997645, 78123
batch_normalization_72, BatchNormalization, 39997646, 40024941, 27295
conv2d_75, Conv2D, 40024942, 40359804, 334862
batch_normalization_75, BatchNormalization, 40359805, 40438011, 78206
conv2d_76, Conv2D, 40438012, 40706556, 268544
batch_normalization_76, BatchNormalization, 40706557, 40724577, 18020
conv2d_81, Conv2D, 40724578, 41211880, 487302
conv2d_78, Conv2D, 41211881, 41616002, 404121
conv2d_77, Conv2D, 41616003, 41966936, 350933
conv2d_85, Conv2D, 41966937, 42183545, 216608
batch_normalization_81, BatchNormalization, 42183546, 42220548, 37002
batch_normalization_78, BatchNormalization, 42220549, 42251394, 30845
batch_normalization_77, BatchNormalization, 42251395, 42278722, 27327
batch_normalization_85, BatchNormalization, 42278723, 42296710, 17987
conv2d_82, Conv2D, 42296711, 43451623, 1154912
conv2d_79, Conv2D, 43451624, 43811378, 359754
conv2d_80, Conv2D, 43811379, 44162772, 351393
batch_normalization_82, BatchNormalization, 44162773, 44193623, 30850
batch_normalization_79, BatchNormalization, 44193624, 44226090, 32466
batch_normalization_80, BatchNormalization, 44226091, 44258747, 32656
conv2d_83, Conv2D, 44258748, 44611118, 352370
conv2d_84, Conv2D, 44611119, 44969479, 358360
batch_normalization_83, BatchNormalization, 44969480, 45002905, 33425
batch_normalization_84, BatchNormalization, 45002906, 45035379, 32473
conv2d_90, Conv2D, 45035380, 45781747, 746367
conv2d_87, Conv2D, 45781748, 46461033, 679285
conv2d_86, Conv2D, 46461034, 46997355, 536321
conv2d_94, Conv2D, 46997356, 47376936, 379580
batch_normalization_90, BatchNormalization, 47376937, 47413220, 36283
batch_normalization_87, BatchNormalization, 47413221, 47444392, 31171
batch_normalization_86, BatchNormalization, 47444393, 47473052, 28659
batch_normalization_94, BatchNormalization, 47473053, 47490520, 17467
conv2d_91, Conv2D, 47490521, 48657767, 1167246
conv2d_88, Conv2D, 48657768, 49016195, 358427
conv2d_89, Conv2D, 49016196, 49361245, 345049
batch_normalization_91, BatchNormalization, 49361246, 49392172, 30926
batch_normalization_88, BatchNormalization, 49392173, 49423617, 31444
batch_normalization_89, BatchNormalization, 49423618, 49455249, 31631
conv2d_92, Conv2D, 49455250, 49805263, 350013
conv2d_93, Conv2D, 49805264, 50161414, 356150
batch_normalization_92, BatchNormalization, 50161415, 50194515, 33100
batch_normalization_93, BatchNormalization, 50194516, 50226417, 31901
predictions, Dense, 50226418, 51718823, 1492405
Start, Control, 0, 1, 1
End, Control, 51718824, 51718825, 1
