conv2d_1, Conv2D, 2, 689321, 689319
batch_normalization_1, BatchNormalization, 689322, 1625424, 936102
conv2d_2, Conv2D, 1625425, 2631190, 1005765
batch_normalization_2, BatchNormalization, 2631191, 3576686, 945495
conv2d_3, Conv2D, 3576687, 5078439, 1501752
batch_normalization_3, BatchNormalization, 5078440, 6762841, 1684401
conv2d_4, Conv2D, 6762842, 7282463, 519621
batch_normalization_4, BatchNormalization, 7282464, 7840690, 558226
conv2d_5, Conv2D, 7840691, 9319788, 1479097
batch_normalization_5, BatchNormalization, 9319789, 10578899, 1259110
conv2d_9, Conv2D, 10578900, 10809169, 230269
conv2d_7, Conv2D, 10809170, 11027398, 218228
conv2d_6, Conv2D, 11027399, 11256085, 228686
conv2d_12, Conv2D, 11256086, 11461277, 205191
batch_normalization_9, BatchNormalization, 11461278, 11576687, 115409
batch_normalization_7, BatchNormalization, 11576688, 11663094, 86406
batch_normalization_6, BatchNormalization, 11663095, 11778518, 115423
batch_normalization_12, BatchNormalization, 11778519, 11843299, 64780
conv2d_10, Conv2D, 11843300, 12035411, 192111
conv2d_8, Conv2D, 12035412, 12282657, 247245
batch_normalization_10, BatchNormalization, 12282658, 12442723, 160065
batch_normalization_8, BatchNormalization, 12442724, 12558430, 115706
conv2d_11, Conv2D, 12558431, 12826367, 267936
batch_normalization_11, BatchNormalization, 12826368, 12987312, 160944
conv2d_16, Conv2D, 12987313, 13280734, 293421
conv2d_14, Conv2D, 13280735, 13558605, 277870
conv2d_13, Conv2D, 13558606, 13851786, 293180
conv2d_19, Conv2D, 13851787, 14140788, 289001
batch_normalization_16, BatchNormalization, 14140789, 14256294, 115505
batch_normalization_14, BatchNormalization, 14256295, 14343642, 87347
batch_normalization_13, BatchNormalization, 14343643, 14459644, 116001
batch_normalization_19, BatchNormalization, 14459645, 14575510, 115865
conv2d_17, Conv2D, 14575511, 14767396, 191885
conv2d_15, Conv2D, 14767397, 15014043, 246646
batch_normalization_17, BatchNormalization, 15014044, 15174407, 160363
batch_normalization_15, BatchNormalization, 15174408, 15289607, 115199
conv2d_18, Conv2D, 15289608, 15555088, 265480
batch_normalization_18, BatchNormalization, 15555089, 15715576, 160487
conv2d_23, Conv2D, 15715577, 16034243, 318666
conv2d_21, Conv2D, 16034244, 16339060, 304816
conv2d_20, Conv2D, 16339061, 16666149, 327088
conv2d_26, Conv2D, 16666150, 16982318, 316168
batch_normalization_23, BatchNormalization, 16982319, 17096600, 114281
batch_normalization_21, BatchNormalization, 17096601, 17181868, 85267
batch_normalization_20, BatchNormalization, 17181869, 17297954, 116085
batch_normalization_26, BatchNormalization, 17297955, 17414180, 116225
conv2d_24, Conv2D, 17414181, 17606604, 192423
conv2d_22, Conv2D, 17606605, 17851770, 245165
batch_normalization_24, BatchNormalization, 17851771, 18013356, 161585
batch_normalization_22, BatchNormalization, 18013357, 18128809, 115452
conv2d_25, Conv2D, 18128810, 18397148, 268338
batch_normalization_25, BatchNormalization, 18397149, 18557981, 160832
conv2d_28, Conv2D, 18557982, 18877180, 319198
conv2d_27, Conv2D, 18877181, 21290197, 2413016
batch_normalization_28, BatchNormalization, 21290198, 21405926, 115728
batch_normalization_27, BatchNormalization, 21405927, 21555440, 149513
conv2d_29, Conv2D, 21555441, 21747506, 192065
batch_normalization_29, BatchNormalization, 21747507, 21909524, 162017
conv2d_30, Conv2D, 21909525, 22075417, 165892
batch_normalization_30, BatchNormalization, 22075418, 22117394, 41976
conv2d_35, Conv2D, 22117395, 22377031, 259636
conv2d_32, Conv2D, 22377032, 22622449, 245417
conv2d_31, Conv2D, 22622450, 23115493, 493043
conv2d_40, Conv2D, 23115494, 23648921, 533427
batch_normalization_35, BatchNormalization, 23648922, 23704205, 55283
batch_normalization_32, BatchNormalization, 23704206, 23759478, 55272
batch_normalization_31, BatchNormalization, 23759479, 23837329, 77850
batch_normalization_40, BatchNormalization, 23837330, 23915784, 78454
conv2d_36, Conv2D, 23915785, 24069061, 153276
conv2d_33, Conv2D, 24069062, 24221145, 152083
batch_normalization_36, BatchNormalization, 24221146, 24275653, 54507
batch_normalization_33, BatchNormalization, 24275654, 24329545, 53891
conv2d_37, Conv2D, 24329546, 24465966, 136420
conv2d_34, Conv2D, 24465967, 24694104, 228137
batch_normalization_37, BatchNormalization, 24694105, 24748520, 54415
batch_normalization_34, BatchNormalization, 24748521, 24826853, 78332
conv2d_38, Conv2D, 24826854, 24977849, 150995
batch_normalization_38, BatchNormalization, 24977850, 25032229, 54379
conv2d_39, Conv2D, 25032230, 25257780, 225550
batch_normalization_39, BatchNormalization, 25257781, 25336359, 78578
conv2d_45, Conv2D, 25336360, 25617462, 281102
conv2d_42, Conv2D, 25617463, 25912151, 294688
conv2d_41, Conv2D, 25912152, 26447011, 534859
conv2d_50, Conv2D, 26447012, 26980859, 533847
batch_normalization_45, BatchNormalization, 26980860, 27047816, 66956
batch_normalization_42, BatchNormalization, 27047817, 27113768, 65951
batch_normalization_41, BatchNormalization, 27113769, 27191853, 78084
batch_normalization_50, BatchNormalization, 27191854, 27270726, 78872
conv2d_46, Conv2D, 27270727, 27504775, 234048
conv2d_43, Conv2D, 27504776, 27740667, 235891
batch_normalization_46, BatchNormalization, 27740668, 27806449, 65781
batch_normalization_43, BatchNormalization, 27806450, 27872647, 66197
conv2d_47, Conv2D, 27872648, 28107896, 235248
conv2d_44, Conv2D, 28107897, 28397460, 289563
batch_normalization_47, BatchNormalization, 28397461, 28463460, 65999
batch_normalization_44, BatchNormalization, 28463461, 28542399, 78938
conv2d_48, Conv2D, 28542400, 28776335, 233935
batch_normalization_48, BatchNormalization, 28776336, 28842504, 66168
conv2d_49, Conv2D, 28842505, 29130879, 288374
batch_normalization_49, BatchNormalization, 29130880, 29210005, 79125
conv2d_55, Conv2D, 29210006, 29489615, 279609
conv2d_52, Conv2D, 29489616, 29768890, 279274
conv2d_51, Conv2D, 29768891, 30301922, 533031
conv2d_60, Conv2D, 30301923, 30833233, 531310
batch_normalization_55, BatchNormalization, 30833234, 30898972, 65738
batch_normalization_52, BatchNormalization, 30898973, 30965097, 66124
batch_normalization_51, BatchNormalization, 30965098, 31043388, 78290
batch_normalization_60, BatchNormalization, 31043389, 31122408, 79019
conv2d_56, Conv2D, 31122409, 31356929, 234520
conv2d_53, Conv2D, 31356930, 31591185, 234255
batch_normalization_56, BatchNormalization, 31591186, 31658207, 67021
batch_normalization_53, BatchNormalization, 31658208, 31724459, 66251
conv2d_57, Conv2D, 31724460, 31960139, 235679
conv2d_54, Conv2D, 31960140, 32246575, 286435
batch_normalization_57, BatchNormalization, 32246576, 32313455, 66879
batch_normalization_54, BatchNormalization, 32313456, 32392178, 78722
conv2d_58, Conv2D, 32392179, 32628025, 235846
batch_normalization_58, BatchNormalization, 32628026, 32694921, 66895
conv2d_59, Conv2D, 32694922, 32978718, 283796
batch_normalization_59, BatchNormalization, 32978719, 33057482, 78763
conv2d_65, Conv2D, 33057483, 33585279, 527796
conv2d_62, Conv2D, 33585280, 34112375, 527095
conv2d_61, Conv2D, 34112376, 34639577, 527201
conv2d_70, Conv2D, 34639578, 35166622, 527044
batch_normalization_65, BatchNormalization, 35166623, 35244666, 78043
batch_normalization_62, BatchNormalization, 35244667, 35323016, 78349
batch_normalization_61, BatchNormalization, 35323017, 35401069, 78052
batch_normalization_70, BatchNormalization, 35401070, 35479105, 78035
conv2d_66, Conv2D, 35479106, 35814185, 335079
conv2d_63, Conv2D, 35814186, 36149428, 335242
batch_normalization_66, BatchNormalization, 36149429, 36227254, 77825
batch_normalization_63, BatchNormalization, 36227255, 36305598, 78343
conv2d_67, Conv2D, 36305599, 36640930, 335331
conv2d_64, Conv2D, 36640931, 37040493, 399562
batch_normalization_67, BatchNormalization, 37040494, 37118658, 78164
batch_normalization_64, BatchNormalization, 37118659, 37196795, 78136
conv2d_68, Conv2D, 37196796, 37532376, 335580
batch_normalization_68, BatchNormalization, 37532377, 37609784, 77407
conv2d_69, Conv2D, 37609785, 37945128, 335343
batch_normalization_69, BatchNormalization, 37945129, 38022968, 77839
conv2d_73, Conv2D, 38022969, 38513515, 490546
conv2d_71, Conv2D, 38513516, 39003459, 489943
batch_normalization_73, BatchNormalization, 39003460, 39081448, 77988
batch_normalization_71, BatchNormalization, 39081449, 39159216, 77767
conv2d_74, Conv2D, 39159217, 39494014, 334797
conv2d_72, Conv2D, 39494015, 39930061, 436046
batch_normalization_74, BatchNormalization, 39930062, 40008029, 77967
batch_normalization_72, BatchNormalization, 40008030, 40036023, 27993
conv2d_75, Conv2D, 40036024, 40370308, 334284
batch_normalization_75, BatchNormalization, 40370309, 40448322, 78013
conv2d_76, Conv2D, 40448323, 40715841, 267518
batch_normalization_76, BatchNormalization, 40715842, 40733846, 18004
conv2d_81, Conv2D, 40733847, 41221611, 487764
conv2d_78, Conv2D, 41221612, 41625575, 403963
conv2d_77, Conv2D, 41625576, 41976744, 351168
conv2d_85, Conv2D, 41976745, 42193438, 216693
batch_normalization_81, BatchNormalization, 42193439, 42231279, 37840
batch_normalization_78, BatchNormalization, 42231280, 42262130, 30850
batch_normalization_77, BatchNormalization, 42262131, 42290305, 28174
batch_normalization_85, BatchNormalization, 42290306, 42308326, 18020
conv2d_82, Conv2D, 42308327, 43463473, 1155146
conv2d_79, Conv2D, 43463474, 43823704, 360230
conv2d_80, Conv2D, 43823705, 44174773, 351068
batch_normalization_82, BatchNormalization, 44174774, 44205614, 30840
batch_normalization_79, BatchNormalization, 44205615, 44238743, 33128
batch_normalization_80, BatchNormalization, 44238744, 44271302, 32558
conv2d_83, Conv2D, 44271303, 44623827, 352524
conv2d_84, Conv2D, 44623828, 44982108, 358280
batch_normalization_83, BatchNormalization, 44982109, 45016158, 34049
batch_normalization_84, BatchNormalization, 45016159, 45048726, 32567
conv2d_90, Conv2D, 45048727, 45794748, 746021
conv2d_87, Conv2D, 45794749, 46473588, 678839
conv2d_86, Conv2D, 46473589, 47010223, 536634
conv2d_94, Conv2D, 47010224, 47386537, 376313
batch_normalization_90, BatchNormalization, 47386538, 47422792, 36254
batch_normalization_87, BatchNormalization, 47422793, 47454056, 31263
batch_normalization_86, BatchNormalization, 47454057, 47482618, 28561
batch_normalization_94, BatchNormalization, 47482619, 47500029, 17410
conv2d_91, Conv2D, 47500030, 48666922, 1166892
conv2d_88, Conv2D, 48666923, 49024709, 357786
conv2d_89, Conv2D, 49024710, 49369094, 344384
batch_normalization_91, BatchNormalization, 49369095, 49400099, 31004
batch_normalization_88, BatchNormalization, 49400100, 49431805, 31705
batch_normalization_89, BatchNormalization, 49431806, 49463465, 31659
conv2d_92, Conv2D, 49463466, 49813566, 350100
conv2d_93, Conv2D, 49813567, 50171215, 357648
batch_normalization_92, BatchNormalization, 50171216, 50203716, 32500
batch_normalization_93, BatchNormalization, 50203717, 50235590, 31873
predictions, Dense, 50235591, 51729629, 1494038
Start, Control, 0, 1, 1
End, Control, 51729630, 51729631, 1
