conv2d_1, Conv2D, 2, 689321, 689319
batch_normalization_1, BatchNormalization, 689322, 1625350, 936028
conv2d_2, Conv2D, 1625351, 2631116, 1005765
batch_normalization_2, BatchNormalization, 2631117, 3576612, 945495
conv2d_3, Conv2D, 3576613, 5078365, 1501752
batch_normalization_3, BatchNormalization, 5078366, 6762767, 1684401
conv2d_4, Conv2D, 6762768, 7282389, 519621
batch_normalization_4, BatchNormalization, 7282390, 7840616, 558226
conv2d_5, Conv2D, 7840617, 9319714, 1479097
batch_normalization_5, BatchNormalization, 9319715, 10578825, 1259110
conv2d_9, Conv2D, 10578826, 10809095, 230269
conv2d_7, Conv2D, 10809096, 11027324, 218228
conv2d_6, Conv2D, 11027325, 11256011, 228686
conv2d_12, Conv2D, 11256012, 11461203, 205191
batch_normalization_9, BatchNormalization, 11461204, 11576613, 115409
batch_normalization_7, BatchNormalization, 11576614, 11663020, 86406
batch_normalization_6, BatchNormalization, 11663021, 11778444, 115423
batch_normalization_12, BatchNormalization, 11778445, 11843221, 64776
conv2d_10, Conv2D, 11843222, 12035333, 192111
conv2d_8, Conv2D, 12035334, 12282579, 247245
batch_normalization_10, BatchNormalization, 12282580, 12442645, 160065
batch_normalization_8, BatchNormalization, 12442646, 12558352, 115706
conv2d_11, Conv2D, 12558353, 12826289, 267936
batch_normalization_11, BatchNormalization, 12826290, 12987234, 160944
conv2d_16, Conv2D, 12987235, 13280656, 293421
conv2d_14, Conv2D, 13280657, 13558527, 277870
conv2d_13, Conv2D, 13558528, 13851708, 293180
conv2d_19, Conv2D, 13851709, 14140710, 289001
batch_normalization_16, BatchNormalization, 14140711, 14256216, 115505
batch_normalization_14, BatchNormalization, 14256217, 14343564, 87347
batch_normalization_13, BatchNormalization, 14343565, 14459566, 116001
batch_normalization_19, BatchNormalization, 14459567, 14575432, 115865
conv2d_17, Conv2D, 14575433, 14767318, 191885
conv2d_15, Conv2D, 14767319, 15013965, 246646
batch_normalization_17, BatchNormalization, 15013966, 15174329, 160363
batch_normalization_15, BatchNormalization, 15174330, 15289529, 115199
conv2d_18, Conv2D, 15289530, 15555010, 265480
batch_normalization_18, BatchNormalization, 15555011, 15715498, 160487
conv2d_23, Conv2D, 15715499, 16034165, 318666
conv2d_21, Conv2D, 16034166, 16338982, 304816
conv2d_20, Conv2D, 16338983, 16666071, 327088
conv2d_26, Conv2D, 16666072, 16982240, 316168
batch_normalization_23, BatchNormalization, 16982241, 17096522, 114281
batch_normalization_21, BatchNormalization, 17096523, 17181790, 85267
batch_normalization_20, BatchNormalization, 17181791, 17297876, 116085
batch_normalization_26, BatchNormalization, 17297877, 17414102, 116225
conv2d_24, Conv2D, 17414103, 17606526, 192423
conv2d_22, Conv2D, 17606527, 17851692, 245165
batch_normalization_24, BatchNormalization, 17851693, 18013278, 161585
batch_normalization_22, BatchNormalization, 18013279, 18128731, 115452
conv2d_25, Conv2D, 18128732, 18397070, 268338
batch_normalization_25, BatchNormalization, 18397071, 18557903, 160832
conv2d_28, Conv2D, 18557904, 18877102, 319198
conv2d_27, Conv2D, 18877103, 21290119, 2413016
batch_normalization_28, BatchNormalization, 21290120, 21405848, 115728
batch_normalization_27, BatchNormalization, 21405849, 21555362, 149513
conv2d_29, Conv2D, 21555363, 21747428, 192065
batch_normalization_29, BatchNormalization, 21747429, 21909446, 162017
conv2d_30, Conv2D, 21909447, 22075339, 165892
batch_normalization_30, BatchNormalization, 22075340, 22117316, 41976
conv2d_35, Conv2D, 22117317, 22376953, 259636
conv2d_32, Conv2D, 22376954, 22622371, 245417
conv2d_31, Conv2D, 22622372, 23115415, 493043
conv2d_40, Conv2D, 23115416, 23648843, 533427
batch_normalization_35, BatchNormalization, 23648844, 23704127, 55283
batch_normalization_32, BatchNormalization, 23704128, 23759400, 55272
batch_normalization_31, BatchNormalization, 23759401, 23837251, 77850
batch_normalization_40, BatchNormalization, 23837252, 23915706, 78454
conv2d_36, Conv2D, 23915707, 24068983, 153276
conv2d_33, Conv2D, 24068984, 24221067, 152083
batch_normalization_36, BatchNormalization, 24221068, 24275575, 54507
batch_normalization_33, BatchNormalization, 24275576, 24329467, 53891
conv2d_37, Conv2D, 24329468, 24465888, 136420
conv2d_34, Conv2D, 24465889, 24694026, 228137
batch_normalization_37, BatchNormalization, 24694027, 24748442, 54415
batch_normalization_34, BatchNormalization, 24748443, 24826775, 78332
conv2d_38, Conv2D, 24826776, 24977771, 150995
batch_normalization_38, BatchNormalization, 24977772, 25032151, 54379
conv2d_39, Conv2D, 25032152, 25257702, 225550
batch_normalization_39, BatchNormalization, 25257703, 25336281, 78578
conv2d_45, Conv2D, 25336282, 25617384, 281102
conv2d_42, Conv2D, 25617385, 25912073, 294688
conv2d_41, Conv2D, 25912074, 26446933, 534859
conv2d_50, Conv2D, 26446934, 26980781, 533847
batch_normalization_45, BatchNormalization, 26980782, 27047738, 66956
batch_normalization_42, BatchNormalization, 27047739, 27113690, 65951
batch_normalization_41, BatchNormalization, 27113691, 27191775, 78084
batch_normalization_50, BatchNormalization, 27191776, 27270648, 78872
conv2d_46, Conv2D, 27270649, 27504697, 234048
conv2d_43, Conv2D, 27504698, 27740589, 235891
batch_normalization_46, BatchNormalization, 27740590, 27806371, 65781
batch_normalization_43, BatchNormalization, 27806372, 27872569, 66197
conv2d_47, Conv2D, 27872570, 28107818, 235248
conv2d_44, Conv2D, 28107819, 28397382, 289563
batch_normalization_47, BatchNormalization, 28397383, 28463382, 65999
batch_normalization_44, BatchNormalization, 28463383, 28542321, 78938
conv2d_48, Conv2D, 28542322, 28776257, 233935
batch_normalization_48, BatchNormalization, 28776258, 28842426, 66168
conv2d_49, Conv2D, 28842427, 29130801, 288374
batch_normalization_49, BatchNormalization, 29130802, 29209927, 79125
conv2d_55, Conv2D, 29209928, 29489537, 279609
conv2d_52, Conv2D, 29489538, 29768812, 279274
conv2d_51, Conv2D, 29768813, 30301844, 533031
conv2d_60, Conv2D, 30301845, 30833155, 531310
batch_normalization_55, BatchNormalization, 30833156, 30898894, 65738
batch_normalization_52, BatchNormalization, 30898895, 30965019, 66124
batch_normalization_51, BatchNormalization, 30965020, 31043310, 78290
batch_normalization_60, BatchNormalization, 31043311, 31122330, 79019
conv2d_56, Conv2D, 31122331, 31356851, 234520
conv2d_53, Conv2D, 31356852, 31591107, 234255
batch_normalization_56, BatchNormalization, 31591108, 31658129, 67021
batch_normalization_53, BatchNormalization, 31658130, 31724381, 66251
conv2d_57, Conv2D, 31724382, 31960061, 235679
conv2d_54, Conv2D, 31960062, 32246497, 286435
batch_normalization_57, BatchNormalization, 32246498, 32313377, 66879
batch_normalization_54, BatchNormalization, 32313378, 32392100, 78722
conv2d_58, Conv2D, 32392101, 32627947, 235846
batch_normalization_58, BatchNormalization, 32627948, 32694843, 66895
conv2d_59, Conv2D, 32694844, 32978640, 283796
batch_normalization_59, BatchNormalization, 32978641, 33057404, 78763
conv2d_65, Conv2D, 33057405, 33585201, 527796
conv2d_62, Conv2D, 33585202, 34112297, 527095
conv2d_61, Conv2D, 34112298, 34639499, 527201
conv2d_70, Conv2D, 34639500, 35166544, 527044
batch_normalization_65, BatchNormalization, 35166545, 35244588, 78043
batch_normalization_62, BatchNormalization, 35244589, 35322938, 78349
batch_normalization_61, BatchNormalization, 35322939, 35400991, 78052
batch_normalization_70, BatchNormalization, 35400992, 35479027, 78035
conv2d_66, Conv2D, 35479028, 35814107, 335079
conv2d_63, Conv2D, 35814108, 36149350, 335242
batch_normalization_66, BatchNormalization, 36149351, 36227176, 77825
batch_normalization_63, BatchNormalization, 36227177, 36305520, 78343
conv2d_67, Conv2D, 36305521, 36640852, 335331
conv2d_64, Conv2D, 36640853, 37040415, 399562
batch_normalization_67, BatchNormalization, 37040416, 37118580, 78164
batch_normalization_64, BatchNormalization, 37118581, 37196717, 78136
conv2d_68, Conv2D, 37196718, 37532298, 335580
batch_normalization_68, BatchNormalization, 37532299, 37609706, 77407
conv2d_69, Conv2D, 37609707, 37945050, 335343
batch_normalization_69, BatchNormalization, 37945051, 38022890, 77839
conv2d_73, Conv2D, 38022891, 38513437, 490546
conv2d_71, Conv2D, 38513438, 39003381, 489943
batch_normalization_73, BatchNormalization, 39003382, 39081370, 77988
batch_normalization_71, BatchNormalization, 39081371, 39159138, 77767
conv2d_74, Conv2D, 39159139, 39493936, 334797
conv2d_72, Conv2D, 39493937, 39929983, 436046
batch_normalization_74, BatchNormalization, 39929984, 40007951, 77967
batch_normalization_72, BatchNormalization, 40007952, 40035945, 27993
conv2d_75, Conv2D, 40035946, 40370230, 334284
batch_normalization_75, BatchNormalization, 40370231, 40448244, 78013
conv2d_76, Conv2D, 40448245, 40715763, 267518
batch_normalization_76, BatchNormalization, 40715764, 40733768, 18004
conv2d_81, Conv2D, 40733769, 41221533, 487764
conv2d_78, Conv2D, 41221534, 41625497, 403963
conv2d_77, Conv2D, 41625498, 41976666, 351168
conv2d_85, Conv2D, 41976667, 42193360, 216693
batch_normalization_81, BatchNormalization, 42193361, 42231201, 37840
batch_normalization_78, BatchNormalization, 42231202, 42262052, 30850
batch_normalization_77, BatchNormalization, 42262053, 42290227, 28174
batch_normalization_85, BatchNormalization, 42290228, 42308248, 18020
conv2d_82, Conv2D, 42308249, 43463395, 1155146
conv2d_79, Conv2D, 43463396, 43823626, 360230
conv2d_80, Conv2D, 43823627, 44174695, 351068
batch_normalization_82, BatchNormalization, 44174696, 44205536, 30840
batch_normalization_79, BatchNormalization, 44205537, 44238665, 33128
batch_normalization_80, BatchNormalization, 44238666, 44271224, 32558
conv2d_83, Conv2D, 44271225, 44623749, 352524
conv2d_84, Conv2D, 44623750, 44982030, 358280
batch_normalization_83, BatchNormalization, 44982031, 45016080, 34049
batch_normalization_84, BatchNormalization, 45016081, 45048648, 32567
conv2d_90, Conv2D, 45048649, 45794670, 746021
conv2d_87, Conv2D, 45794671, 46473510, 678839
conv2d_86, Conv2D, 46473511, 47010145, 536634
conv2d_94, Conv2D, 47010146, 47386459, 376313
batch_normalization_90, BatchNormalization, 47386460, 47422714, 36254
batch_normalization_87, BatchNormalization, 47422715, 47453978, 31263
batch_normalization_86, BatchNormalization, 47453979, 47482540, 28561
batch_normalization_94, BatchNormalization, 47482541, 47499951, 17410
conv2d_91, Conv2D, 47499952, 48666844, 1166892
conv2d_88, Conv2D, 48666845, 49024631, 357786
conv2d_89, Conv2D, 49024632, 49369016, 344384
batch_normalization_91, BatchNormalization, 49369017, 49400021, 31004
batch_normalization_88, BatchNormalization, 49400022, 49431727, 31705
batch_normalization_89, BatchNormalization, 49431728, 49463387, 31659
conv2d_92, Conv2D, 49463388, 49813488, 350100
conv2d_93, Conv2D, 49813489, 50171137, 357648
batch_normalization_92, BatchNormalization, 50171138, 50203638, 32500
batch_normalization_93, BatchNormalization, 50203639, 50235512, 31873
predictions, Dense, 50235513, 51729551, 1494038
Start, Control, 0, 1, 1
End, Control, 51729552, 51729553, 1
