conv2d_1, Conv2D, 2, 689407, 689405
batch_normalization_1, BatchNormalization, 689408, 1626002, 936594
conv2d_2, Conv2D, 1626003, 2632374, 1006371
batch_normalization_2, BatchNormalization, 2632375, 3579362, 946987
conv2d_3, Conv2D, 3579363, 5079886, 1500523
batch_normalization_3, BatchNormalization, 5079887, 6762495, 1682608
conv2d_4, Conv2D, 6762496, 7282168, 519672
batch_normalization_4, BatchNormalization, 7282169, 7840786, 558617
conv2d_5, Conv2D, 7840787, 9317533, 1476746
batch_normalization_5, BatchNormalization, 9317534, 10575851, 1258317
conv2d_9, Conv2D, 10575852, 10806565, 230713
conv2d_7, Conv2D, 10806566, 11024942, 218376
conv2d_6, Conv2D, 11024943, 11254935, 229992
conv2d_12, Conv2D, 11254936, 11459524, 204588
batch_normalization_9, BatchNormalization, 11459525, 11574540, 115015
batch_normalization_7, BatchNormalization, 11574541, 11659944, 85403
batch_normalization_6, BatchNormalization, 11659945, 11774513, 114568
batch_normalization_12, BatchNormalization, 11774514, 11838885, 64371
conv2d_10, Conv2D, 11838886, 12030538, 191652
conv2d_8, Conv2D, 12030539, 12277766, 247227
batch_normalization_10, BatchNormalization, 12277767, 12437084, 159317
batch_normalization_8, BatchNormalization, 12437085, 12552659, 115574
conv2d_11, Conv2D, 12552660, 12820440, 267780
batch_normalization_11, BatchNormalization, 12820441, 12981055, 160614
conv2d_16, Conv2D, 12981056, 13274181, 293125
conv2d_14, Conv2D, 13274182, 13552057, 277875
conv2d_13, Conv2D, 13552058, 13846447, 294389
conv2d_19, Conv2D, 13846448, 14135412, 288964
batch_normalization_16, BatchNormalization, 14135413, 14250886, 115473
batch_normalization_14, BatchNormalization, 14250887, 14338213, 87326
batch_normalization_13, BatchNormalization, 14338214, 14453688, 115474
batch_normalization_19, BatchNormalization, 14453689, 14569301, 115612
conv2d_17, Conv2D, 14569302, 14760823, 191521
conv2d_15, Conv2D, 14760824, 15007325, 246501
batch_normalization_17, BatchNormalization, 15007326, 15167754, 160428
batch_normalization_15, BatchNormalization, 15167755, 15283245, 115490
conv2d_18, Conv2D, 15283246, 15548848, 265602
batch_normalization_18, BatchNormalization, 15548849, 15709256, 160407
conv2d_23, Conv2D, 15709257, 16027778, 318521
conv2d_21, Conv2D, 16027779, 16332416, 304637
conv2d_20, Conv2D, 16332417, 16660034, 327617
conv2d_26, Conv2D, 16660035, 16975953, 315918
batch_normalization_23, BatchNormalization, 16975954, 17091511, 115557
batch_normalization_21, BatchNormalization, 17091512, 17176647, 85135
batch_normalization_20, BatchNormalization, 17176648, 17292554, 115906
batch_normalization_26, BatchNormalization, 17292555, 17408961, 116406
conv2d_24, Conv2D, 17408962, 17602219, 193257
conv2d_22, Conv2D, 17602220, 17847303, 245083
batch_normalization_24, BatchNormalization, 17847304, 18008939, 161635
batch_normalization_22, BatchNormalization, 18008940, 18124344, 115404
conv2d_25, Conv2D, 18124345, 18392486, 268141
batch_normalization_25, BatchNormalization, 18392487, 18554242, 161755
conv2d_28, Conv2D, 18554243, 18872145, 317902
conv2d_27, Conv2D, 18872146, 21282107, 2409961
batch_normalization_28, BatchNormalization, 21282108, 21397518, 115410
batch_normalization_27, BatchNormalization, 21397519, 21547181, 149662
conv2d_29, Conv2D, 21547182, 21739060, 191878
batch_normalization_29, BatchNormalization, 21739061, 21901821, 162760
conv2d_30, Conv2D, 21901822, 22067639, 165817
batch_normalization_30, BatchNormalization, 22067640, 22109716, 42076
conv2d_35, Conv2D, 22109717, 22370296, 260579
conv2d_32, Conv2D, 22370297, 22614597, 244300
conv2d_31, Conv2D, 22614598, 23107845, 493247
conv2d_40, Conv2D, 23107846, 23641838, 533992
batch_normalization_35, BatchNormalization, 23641839, 23696967, 55128
batch_normalization_32, BatchNormalization, 23696968, 23752074, 55106
batch_normalization_31, BatchNormalization, 23752075, 23829842, 77767
batch_normalization_40, BatchNormalization, 23829843, 23908561, 78718
conv2d_36, Conv2D, 23908562, 24062016, 153454
conv2d_33, Conv2D, 24062017, 24214317, 152300
batch_normalization_36, BatchNormalization, 24214318, 24267869, 53551
batch_normalization_33, BatchNormalization, 24267870, 24321556, 53686
conv2d_37, Conv2D, 24321557, 24457178, 135621
conv2d_34, Conv2D, 24457179, 24682660, 225481
batch_normalization_37, BatchNormalization, 24682661, 24736867, 54206
batch_normalization_34, BatchNormalization, 24736868, 24815145, 78277
conv2d_38, Conv2D, 24815146, 24967087, 151941
batch_normalization_38, BatchNormalization, 24967088, 25021696, 54608
conv2d_39, Conv2D, 25021697, 25247146, 225449
batch_normalization_39, BatchNormalization, 25247147, 25325491, 78344
conv2d_45, Conv2D, 25325492, 25607067, 281575
conv2d_42, Conv2D, 25607068, 25901709, 294641
conv2d_41, Conv2D, 25901710, 26436286, 534576
conv2d_50, Conv2D, 26436287, 26967756, 531469
batch_normalization_45, BatchNormalization, 26967757, 27035293, 67536
batch_normalization_42, BatchNormalization, 27035294, 27101745, 66451
batch_normalization_41, BatchNormalization, 27101746, 27179573, 77827
batch_normalization_50, BatchNormalization, 27179574, 27258221, 78647
conv2d_46, Conv2D, 27258222, 27493326, 235104
conv2d_43, Conv2D, 27493327, 27730900, 237573
batch_normalization_46, BatchNormalization, 27730901, 27797016, 66115
batch_normalization_43, BatchNormalization, 27797017, 27863020, 66003
conv2d_47, Conv2D, 27863021, 28098780, 235759
conv2d_44, Conv2D, 28098781, 28387440, 288659
batch_normalization_47, BatchNormalization, 28387441, 28452998, 65557
batch_normalization_44, BatchNormalization, 28452999, 28531537, 78538
conv2d_48, Conv2D, 28531538, 28766043, 234505
batch_normalization_48, BatchNormalization, 28766044, 28832146, 66102
conv2d_49, Conv2D, 28832147, 29119318, 287171
batch_normalization_49, BatchNormalization, 29119319, 29197643, 78324
conv2d_55, Conv2D, 29197644, 29477820, 280176
conv2d_52, Conv2D, 29477821, 29757693, 279872
conv2d_51, Conv2D, 29757694, 30287590, 529896
conv2d_60, Conv2D, 30287591, 30821760, 534169
batch_normalization_55, BatchNormalization, 30821761, 30888787, 67026
batch_normalization_52, BatchNormalization, 30888788, 30955840, 67052
batch_normalization_51, BatchNormalization, 30955841, 31033689, 77848
batch_normalization_60, BatchNormalization, 31033690, 31112558, 78868
conv2d_56, Conv2D, 31112559, 31348869, 236310
conv2d_53, Conv2D, 31348870, 31583577, 234707
batch_normalization_56, BatchNormalization, 31583578, 31650070, 66492
batch_normalization_53, BatchNormalization, 31650071, 31716514, 66443
conv2d_57, Conv2D, 31716515, 31951266, 234751
conv2d_54, Conv2D, 31951267, 32240330, 289063
batch_normalization_57, BatchNormalization, 32240331, 32307346, 67015
batch_normalization_54, BatchNormalization, 32307347, 32386417, 79070
conv2d_58, Conv2D, 32386418, 32622647, 236229
batch_normalization_58, BatchNormalization, 32622648, 32689206, 66558
conv2d_59, Conv2D, 32689207, 32972994, 283787
batch_normalization_59, BatchNormalization, 32972995, 33051439, 78444
conv2d_65, Conv2D, 33051440, 33580900, 529460
conv2d_62, Conv2D, 33580901, 34107816, 526915
conv2d_61, Conv2D, 34107817, 34635593, 527776
conv2d_70, Conv2D, 34635594, 35162626, 527032
batch_normalization_65, BatchNormalization, 35162627, 35240886, 78259
batch_normalization_62, BatchNormalization, 35240887, 35319425, 78538
batch_normalization_61, BatchNormalization, 35319426, 35397248, 77822
batch_normalization_70, BatchNormalization, 35397249, 35475975, 78726
conv2d_66, Conv2D, 35475976, 35810631, 334655
conv2d_63, Conv2D, 35810632, 36145929, 335297
batch_normalization_66, BatchNormalization, 36145930, 36223510, 77580
batch_normalization_63, BatchNormalization, 36223511, 36302358, 78847
conv2d_67, Conv2D, 36302359, 36637556, 335197
conv2d_64, Conv2D, 36637557, 37032727, 395170
batch_normalization_67, BatchNormalization, 37032728, 37110944, 78216
batch_normalization_64, BatchNormalization, 37110945, 37189022, 78077
conv2d_68, Conv2D, 37189023, 37523778, 334755
batch_normalization_68, BatchNormalization, 37523779, 37601215, 77436
conv2d_69, Conv2D, 37601216, 37936650, 335434
batch_normalization_69, BatchNormalization, 37936651, 38014143, 77492
conv2d_73, Conv2D, 38014144, 38504018, 489874
conv2d_71, Conv2D, 38504019, 38993767, 489748
batch_normalization_73, BatchNormalization, 38993768, 39071485, 77717
batch_normalization_71, BatchNormalization, 39071486, 39149343, 77857
conv2d_74, Conv2D, 39149344, 39483760, 334416
conv2d_72, Conv2D, 39483761, 39919647, 435886
batch_normalization_74, BatchNormalization, 39919648, 39997600, 77952
batch_normalization_72, BatchNormalization, 39997601, 40024925, 27324
conv2d_75, Conv2D, 40024926, 40360065, 335139
batch_normalization_75, BatchNormalization, 40360066, 40438075, 78009
conv2d_76, Conv2D, 40438076, 40706620, 268544
batch_normalization_76, BatchNormalization, 40706621, 40724466, 17845
conv2d_81, Conv2D, 40724467, 41212639, 488172
conv2d_78, Conv2D, 41212640, 41616834, 404194
conv2d_77, Conv2D, 41616835, 41967757, 350922
conv2d_85, Conv2D, 41967758, 42184489, 216731
batch_normalization_81, BatchNormalization, 42184490, 42221557, 37067
batch_normalization_78, BatchNormalization, 42221558, 42252419, 30861
batch_normalization_77, BatchNormalization, 42252420, 42279680, 27260
batch_normalization_85, BatchNormalization, 42279681, 42297658, 17977
conv2d_82, Conv2D, 42297659, 43453077, 1155418
conv2d_79, Conv2D, 43453078, 43812953, 359875
conv2d_80, Conv2D, 43812954, 44163953, 350999
batch_normalization_82, BatchNormalization, 44163954, 44194810, 30856
batch_normalization_79, BatchNormalization, 44194811, 44227115, 32304
batch_normalization_80, BatchNormalization, 44227116, 44259519, 32403
conv2d_83, Conv2D, 44259520, 44612212, 352692
conv2d_84, Conv2D, 44612213, 44970456, 358243
batch_normalization_83, BatchNormalization, 44970457, 45003847, 33390
batch_normalization_84, BatchNormalization, 45003848, 45036403, 32555
conv2d_90, Conv2D, 45036404, 45783029, 746625
conv2d_87, Conv2D, 45783030, 46461521, 678491
conv2d_86, Conv2D, 46461522, 46997413, 535891
conv2d_94, Conv2D, 46997414, 47376248, 378834
batch_normalization_90, BatchNormalization, 47376249, 47412545, 36296
batch_normalization_87, BatchNormalization, 47412546, 47443996, 31450
batch_normalization_86, BatchNormalization, 47443997, 47472590, 28593
batch_normalization_94, BatchNormalization, 47472591, 47490007, 17416
conv2d_91, Conv2D, 47490008, 48656896, 1166888
conv2d_88, Conv2D, 48656897, 49015180, 358283
conv2d_89, Conv2D, 49015181, 49360372, 345191
batch_normalization_91, BatchNormalization, 49360373, 49391377, 31004
batch_normalization_88, BatchNormalization, 49391378, 49423003, 31625
batch_normalization_89, BatchNormalization, 49423004, 49454651, 31647
conv2d_92, Conv2D, 49454652, 49804774, 350122
conv2d_93, Conv2D, 49804775, 50162020, 357245
batch_normalization_92, BatchNormalization, 50162021, 50194655, 32634
batch_normalization_93, BatchNormalization, 50194656, 50226651, 31995
predictions, Dense, 50226652, 51719042, 1492390
Start, Control, 0, 1, 1
End, Control, 51719043, 51719044, 1
