conv2d_1, Conv2D, 2, 688681, 688679
batch_normalization_1, BatchNormalization, 688682, 1624123, 935441
conv2d_2, Conv2D, 1624124, 2631701, 1007577
batch_normalization_2, BatchNormalization, 2631702, 3578127, 946425
conv2d_3, Conv2D, 3578128, 5078735, 1500607
batch_normalization_3, BatchNormalization, 5078736, 6763044, 1684308
conv2d_4, Conv2D, 6763045, 7281861, 518816
batch_normalization_4, BatchNormalization, 7281862, 7840823, 558961
conv2d_5, Conv2D, 7840824, 9319822, 1478998
batch_normalization_5, BatchNormalization, 9319823, 10578777, 1258954
conv2d_9, Conv2D, 10578778, 10809173, 230395
conv2d_7, Conv2D, 10809174, 11028292, 219118
conv2d_6, Conv2D, 11028293, 11256244, 227951
conv2d_12, Conv2D, 11256245, 11461643, 205398
batch_normalization_9, BatchNormalization, 11461644, 11577521, 115877
batch_normalization_7, BatchNormalization, 11577522, 11664559, 87037
batch_normalization_6, BatchNormalization, 11664560, 11780122, 115562
batch_normalization_12, BatchNormalization, 11780123, 11845390, 65267
conv2d_10, Conv2D, 11845391, 12037241, 191850
conv2d_8, Conv2D, 12037242, 12284781, 247539
batch_normalization_10, BatchNormalization, 12284782, 12444346, 159564
batch_normalization_8, BatchNormalization, 12444347, 12560022, 115675
conv2d_11, Conv2D, 12560023, 12827989, 267966
batch_normalization_11, BatchNormalization, 12827990, 12988970, 160980
conv2d_16, Conv2D, 12988971, 13281672, 292701
conv2d_14, Conv2D, 13281673, 13559211, 277538
conv2d_13, Conv2D, 13559212, 13853201, 293989
conv2d_19, Conv2D, 13853202, 14142684, 289482
batch_normalization_16, BatchNormalization, 14142685, 14258139, 115454
batch_normalization_14, BatchNormalization, 14258140, 14345687, 87547
batch_normalization_13, BatchNormalization, 14345688, 14460888, 115200
batch_normalization_19, BatchNormalization, 14460889, 14576586, 115697
conv2d_17, Conv2D, 14576587, 14768611, 192024
conv2d_15, Conv2D, 14768612, 15015731, 247119
batch_normalization_17, BatchNormalization, 15015732, 15175687, 159955
batch_normalization_15, BatchNormalization, 15175688, 15290906, 115218
conv2d_18, Conv2D, 15290907, 15556649, 265742
batch_normalization_18, BatchNormalization, 15556650, 15717214, 160564
conv2d_23, Conv2D, 15717215, 16035746, 318531
conv2d_21, Conv2D, 16035747, 16340113, 304366
conv2d_20, Conv2D, 16340114, 16667549, 327435
conv2d_26, Conv2D, 16667550, 16983573, 316023
batch_normalization_23, BatchNormalization, 16983574, 17098883, 115309
batch_normalization_21, BatchNormalization, 17098884, 17184079, 85195
batch_normalization_20, BatchNormalization, 17184080, 17299839, 115759
batch_normalization_26, BatchNormalization, 17299840, 17416408, 116568
conv2d_24, Conv2D, 17416409, 17609484, 193075
conv2d_22, Conv2D, 17609485, 17854686, 245201
batch_normalization_24, BatchNormalization, 17854687, 18016462, 161775
batch_normalization_22, BatchNormalization, 18016463, 18131137, 114674
conv2d_25, Conv2D, 18131138, 18400050, 268912
batch_normalization_25, BatchNormalization, 18400051, 18560831, 160780
conv2d_28, Conv2D, 18560832, 18879240, 318408
conv2d_27, Conv2D, 18879241, 21288410, 2409169
batch_normalization_28, BatchNormalization, 21288411, 21404231, 115820
batch_normalization_27, BatchNormalization, 21404232, 21554132, 149900
conv2d_29, Conv2D, 21554133, 21747326, 193193
batch_normalization_29, BatchNormalization, 21747327, 21909827, 162500
conv2d_30, Conv2D, 21909828, 22074948, 165120
batch_normalization_30, BatchNormalization, 22074949, 22117083, 42134
conv2d_35, Conv2D, 22117084, 22376773, 259689
conv2d_32, Conv2D, 22376774, 22620427, 243653
conv2d_31, Conv2D, 22620428, 23113585, 493157
conv2d_40, Conv2D, 23113586, 23649970, 536384
batch_normalization_35, BatchNormalization, 23649971, 23704831, 54860
batch_normalization_32, BatchNormalization, 23704832, 23759937, 55105
batch_normalization_31, BatchNormalization, 23759938, 23838328, 78390
batch_normalization_40, BatchNormalization, 23838329, 23916067, 77738
conv2d_36, Conv2D, 23916068, 24069967, 153899
conv2d_33, Conv2D, 24069968, 24222046, 152078
batch_normalization_36, BatchNormalization, 24222047, 24275977, 53930
batch_normalization_33, BatchNormalization, 24275978, 24330065, 54087
conv2d_37, Conv2D, 24330066, 24466115, 136049
conv2d_34, Conv2D, 24466116, 24692246, 226130
batch_normalization_37, BatchNormalization, 24692247, 24746891, 54644
batch_normalization_34, BatchNormalization, 24746892, 24825613, 78721
conv2d_38, Conv2D, 24825614, 24976902, 151288
batch_normalization_38, BatchNormalization, 24976903, 25031769, 54866
conv2d_39, Conv2D, 25031770, 25257084, 225314
batch_normalization_39, BatchNormalization, 25257085, 25335442, 78357
conv2d_45, Conv2D, 25335443, 25616838, 281395
conv2d_42, Conv2D, 25616839, 25910548, 293709
conv2d_41, Conv2D, 25910549, 26444421, 533872
conv2d_50, Conv2D, 26444422, 26975500, 531078
batch_normalization_45, BatchNormalization, 26975501, 27042718, 67217
batch_normalization_42, BatchNormalization, 27042719, 27109212, 66493
batch_normalization_41, BatchNormalization, 27109213, 27188380, 79167
batch_normalization_50, BatchNormalization, 27188381, 27267015, 78634
conv2d_46, Conv2D, 27267016, 27502374, 235358
conv2d_43, Conv2D, 27502375, 27737898, 235523
batch_normalization_46, BatchNormalization, 27737899, 27803809, 65910
batch_normalization_43, BatchNormalization, 27803810, 27869242, 65432
conv2d_47, Conv2D, 27869243, 28104826, 235583
conv2d_44, Conv2D, 28104827, 28393766, 288939
batch_normalization_47, BatchNormalization, 28393767, 28459621, 65854
batch_normalization_44, BatchNormalization, 28459622, 28538000, 78378
conv2d_48, Conv2D, 28538001, 28772536, 234535
batch_normalization_48, BatchNormalization, 28772537, 28838161, 65624
conv2d_49, Conv2D, 28838162, 29125041, 286879
batch_normalization_49, BatchNormalization, 29125042, 29203218, 78176
conv2d_55, Conv2D, 29203219, 29483520, 280301
conv2d_52, Conv2D, 29483521, 29762043, 278522
conv2d_51, Conv2D, 29762044, 30294063, 532019
conv2d_60, Conv2D, 30294064, 30827904, 533840
batch_normalization_55, BatchNormalization, 30827905, 30893935, 66030
batch_normalization_52, BatchNormalization, 30893936, 30961404, 67468
batch_normalization_51, BatchNormalization, 30961405, 31039751, 78346
batch_normalization_60, BatchNormalization, 31039752, 31118419, 78667
conv2d_56, Conv2D, 31118420, 31354143, 235723
conv2d_53, Conv2D, 31354144, 31588709, 234565
batch_normalization_56, BatchNormalization, 31588710, 31655296, 66586
batch_normalization_53, BatchNormalization, 31655297, 31722172, 66875
conv2d_57, Conv2D, 31722173, 31956261, 234088
conv2d_54, Conv2D, 31956262, 32245038, 288776
batch_normalization_57, BatchNormalization, 32245039, 32311244, 66205
batch_normalization_54, BatchNormalization, 32311245, 32390410, 79165
conv2d_58, Conv2D, 32390411, 32625571, 235160
batch_normalization_58, BatchNormalization, 32625572, 32692027, 66455
conv2d_59, Conv2D, 32692028, 32975017, 282989
batch_normalization_59, BatchNormalization, 32975018, 33053509, 78491
conv2d_65, Conv2D, 33053510, 33583828, 530318
conv2d_62, Conv2D, 33583829, 34110665, 526836
conv2d_61, Conv2D, 34110666, 34636547, 525881
conv2d_70, Conv2D, 34636548, 35163442, 526894
batch_normalization_65, BatchNormalization, 35163443, 35241523, 78080
batch_normalization_62, BatchNormalization, 35241524, 35319809, 78285
batch_normalization_61, BatchNormalization, 35319810, 35397739, 77929
batch_normalization_70, BatchNormalization, 35397740, 35475170, 77430
conv2d_66, Conv2D, 35475171, 35809517, 334346
conv2d_63, Conv2D, 35809518, 36144827, 335309
batch_normalization_66, BatchNormalization, 36144828, 36222476, 77648
batch_normalization_63, BatchNormalization, 36222477, 36300694, 78217
conv2d_67, Conv2D, 36300695, 36635949, 335254
conv2d_64, Conv2D, 36635950, 37033814, 397864
batch_normalization_67, BatchNormalization, 37033815, 37111959, 78144
batch_normalization_64, BatchNormalization, 37111960, 37189993, 78033
conv2d_68, Conv2D, 37189994, 37524857, 334863
batch_normalization_68, BatchNormalization, 37524858, 37602577, 77719
conv2d_69, Conv2D, 37602578, 37937870, 335292
batch_normalization_69, BatchNormalization, 37937871, 38015909, 78038
conv2d_73, Conv2D, 38015910, 38505784, 489874
conv2d_71, Conv2D, 38505785, 38994992, 489207
batch_normalization_73, BatchNormalization, 38994993, 39072787, 77794
batch_normalization_71, BatchNormalization, 39072788, 39150669, 77881
conv2d_74, Conv2D, 39150670, 39485005, 334335
conv2d_72, Conv2D, 39485006, 39920513, 435507
batch_normalization_74, BatchNormalization, 39920514, 39998652, 78138
batch_normalization_72, BatchNormalization, 39998653, 40025963, 27310
conv2d_75, Conv2D, 40025964, 40360826, 334862
batch_normalization_75, BatchNormalization, 40360827, 40439048, 78221
conv2d_76, Conv2D, 40439049, 40707593, 268544
batch_normalization_76, BatchNormalization, 40707594, 40725623, 18029
conv2d_81, Conv2D, 40725624, 41212926, 487302
conv2d_78, Conv2D, 41212927, 41617048, 404121
conv2d_77, Conv2D, 41617049, 41967982, 350933
conv2d_85, Conv2D, 41967983, 42184591, 216608
batch_normalization_81, BatchNormalization, 42184592, 42221609, 37017
batch_normalization_78, BatchNormalization, 42221610, 42252471, 30861
batch_normalization_77, BatchNormalization, 42252472, 42279814, 27342
batch_normalization_85, BatchNormalization, 42279815, 42297811, 17996
conv2d_82, Conv2D, 42297812, 43452724, 1154912
conv2d_79, Conv2D, 43452725, 43812479, 359754
conv2d_80, Conv2D, 43812480, 44163873, 351393
batch_normalization_82, BatchNormalization, 44163874, 44194740, 30866
batch_normalization_79, BatchNormalization, 44194741, 44227223, 32482
batch_normalization_80, BatchNormalization, 44227224, 44259896, 32672
conv2d_83, Conv2D, 44259897, 44612267, 352370
conv2d_84, Conv2D, 44612268, 44970628, 358360
batch_normalization_83, BatchNormalization, 44970629, 45004070, 33441
batch_normalization_84, BatchNormalization, 45004071, 45036560, 32489
conv2d_90, Conv2D, 45036561, 45782928, 746367
conv2d_87, Conv2D, 45782929, 46462214, 679285
conv2d_86, Conv2D, 46462215, 46998536, 536321
conv2d_94, Conv2D, 46998537, 47378117, 379580
batch_normalization_90, BatchNormalization, 47378118, 47414416, 36298
batch_normalization_87, BatchNormalization, 47414417, 47445604, 31187
batch_normalization_86, BatchNormalization, 47445605, 47474279, 28674
batch_normalization_94, BatchNormalization, 47474280, 47491756, 17476
conv2d_91, Conv2D, 47491757, 48659003, 1167246
conv2d_88, Conv2D, 48659004, 49017431, 358427
conv2d_89, Conv2D, 49017432, 49362481, 345049
batch_normalization_91, BatchNormalization, 49362482, 49393424, 30942
batch_normalization_88, BatchNormalization, 49393425, 49424885, 31460
batch_normalization_89, BatchNormalization, 49424886, 49456533, 31647
conv2d_92, Conv2D, 49456534, 49806547, 350013
conv2d_93, Conv2D, 49806548, 50162698, 356150
batch_normalization_92, BatchNormalization, 50162699, 50195815, 33116
batch_normalization_93, BatchNormalization, 50195816, 50227733, 31917
predictions, Dense, 50227734, 51720139, 1492405
Start, Control, 0, 1, 1
End, Control, 51720140, 51720141, 1
