conv2d_1, Conv2D, 2, 690794, 690792
batch_normalization_1, BatchNormalization, 690795, 1626222, 935427
conv2d_2, Conv2D, 1626223, 2632606, 1006383
batch_normalization_2, BatchNormalization, 2632607, 3578617, 946010
conv2d_3, Conv2D, 3578618, 5079533, 1500915
batch_normalization_3, BatchNormalization, 5079534, 6762525, 1682991
conv2d_4, Conv2D, 6762526, 7282615, 520089
batch_normalization_4, BatchNormalization, 7282616, 7842421, 559805
conv2d_5, Conv2D, 7842422, 9323999, 1481577
batch_normalization_5, BatchNormalization, 9324000, 10584331, 1260331
conv2d_9, Conv2D, 10584332, 10814644, 230312
conv2d_7, Conv2D, 10814645, 11033290, 218645
conv2d_6, Conv2D, 11033291, 11261873, 228582
conv2d_12, Conv2D, 11261874, 11467568, 205694
batch_normalization_9, BatchNormalization, 11467569, 11583281, 115712
batch_normalization_7, BatchNormalization, 11583282, 11669648, 86366
batch_normalization_6, BatchNormalization, 11669649, 11785013, 115364
batch_normalization_12, BatchNormalization, 11785014, 11849973, 64959
conv2d_10, Conv2D, 11849974, 12041436, 191462
conv2d_8, Conv2D, 12041437, 12288400, 246963
batch_normalization_10, BatchNormalization, 12288401, 12447368, 158967
batch_normalization_8, BatchNormalization, 12447369, 12562770, 115401
conv2d_11, Conv2D, 12562771, 12830558, 267787
batch_normalization_11, BatchNormalization, 12830559, 12991309, 160750
conv2d_16, Conv2D, 12991310, 13284418, 293108
conv2d_14, Conv2D, 13284419, 13562121, 277702
conv2d_13, Conv2D, 13562122, 13855421, 293299
conv2d_19, Conv2D, 13855422, 14146178, 290756
batch_normalization_16, BatchNormalization, 14146179, 14261203, 115024
batch_normalization_14, BatchNormalization, 14261204, 14348396, 87192
batch_normalization_13, BatchNormalization, 14348397, 14464637, 116240
batch_normalization_19, BatchNormalization, 14464638, 14580610, 115972
conv2d_17, Conv2D, 14580611, 14773760, 193149
conv2d_15, Conv2D, 14773761, 15020772, 247011
batch_normalization_17, BatchNormalization, 15020773, 15181394, 160621
batch_normalization_15, BatchNormalization, 15181395, 15296673, 115278
conv2d_18, Conv2D, 15296674, 15562343, 265669
batch_normalization_18, BatchNormalization, 15562344, 15723264, 160920
conv2d_23, Conv2D, 15723265, 16042139, 318874
conv2d_21, Conv2D, 16042140, 16346431, 304291
conv2d_20, Conv2D, 16346432, 16672766, 326334
conv2d_26, Conv2D, 16672767, 16989583, 316816
batch_normalization_23, BatchNormalization, 16989584, 17104033, 114449
batch_normalization_21, BatchNormalization, 17104034, 17188399, 84365
batch_normalization_20, BatchNormalization, 17188400, 17303079, 114679
batch_normalization_26, BatchNormalization, 17303080, 17419439, 116359
conv2d_24, Conv2D, 17419440, 17613351, 193911
conv2d_22, Conv2D, 17613352, 17858492, 245140
batch_normalization_24, BatchNormalization, 17858493, 18021081, 162588
batch_normalization_22, BatchNormalization, 18021082, 18136089, 115007
conv2d_25, Conv2D, 18136090, 18403954, 267864
batch_normalization_25, BatchNormalization, 18403955, 18565638, 161683
conv2d_28, Conv2D, 18565639, 18884245, 318606
conv2d_27, Conv2D, 18884246, 21294604, 2410358
batch_normalization_28, BatchNormalization, 21294605, 21410937, 116332
batch_normalization_27, BatchNormalization, 21410938, 21561549, 150611
conv2d_29, Conv2D, 21561550, 21752558, 191008
batch_normalization_29, BatchNormalization, 21752559, 21915581, 163022
conv2d_30, Conv2D, 21915582, 22081953, 166371
batch_normalization_30, BatchNormalization, 22081954, 22122983, 41029
conv2d_35, Conv2D, 22122984, 22383084, 260100
conv2d_32, Conv2D, 22383085, 22628128, 245043
conv2d_31, Conv2D, 22628129, 23120945, 492816
conv2d_40, Conv2D, 23120946, 23654729, 533783
batch_normalization_35, BatchNormalization, 23654730, 23708811, 54081
batch_normalization_32, BatchNormalization, 23708812, 23763013, 54201
batch_normalization_31, BatchNormalization, 23763014, 23841199, 78185
batch_normalization_40, BatchNormalization, 23841200, 23919702, 78502
conv2d_36, Conv2D, 23919703, 24071560, 151857
conv2d_33, Conv2D, 24071561, 24225007, 153446
batch_normalization_36, BatchNormalization, 24225008, 24279901, 54893
batch_normalization_33, BatchNormalization, 24279902, 24335174, 55272
conv2d_37, Conv2D, 24335175, 24469950, 134775
conv2d_34, Conv2D, 24469951, 24696316, 226365
batch_normalization_37, BatchNormalization, 24696317, 24750146, 53829
batch_normalization_34, BatchNormalization, 24750147, 24828664, 78517
conv2d_38, Conv2D, 24828665, 24978793, 150128
batch_normalization_38, BatchNormalization, 24978794, 25033735, 54941
conv2d_39, Conv2D, 25033736, 25259136, 225400
batch_normalization_39, BatchNormalization, 25259137, 25338066, 78929
conv2d_45, Conv2D, 25338067, 25619910, 281843
conv2d_42, Conv2D, 25619911, 25913639, 293728
conv2d_41, Conv2D, 25913640, 26446312, 532672
conv2d_50, Conv2D, 26446313, 26977829, 531516
batch_normalization_45, BatchNormalization, 26977830, 27044397, 66567
batch_normalization_42, BatchNormalization, 27044398, 27110128, 65730
batch_normalization_41, BatchNormalization, 27110129, 27188301, 78172
batch_normalization_50, BatchNormalization, 27188302, 27267887, 79585
conv2d_46, Conv2D, 27267888, 27503545, 235657
conv2d_43, Conv2D, 27503546, 27739372, 235826
batch_normalization_46, BatchNormalization, 27739373, 27805565, 66192
batch_normalization_43, BatchNormalization, 27805566, 27871388, 65822
conv2d_47, Conv2D, 27871389, 28107772, 236383
conv2d_44, Conv2D, 28107773, 28396413, 288640
batch_normalization_47, BatchNormalization, 28396414, 28462268, 65854
batch_normalization_44, BatchNormalization, 28462269, 28540616, 78347
conv2d_48, Conv2D, 28540617, 28775285, 234668
batch_normalization_48, BatchNormalization, 28775286, 28841907, 66621
conv2d_49, Conv2D, 28841908, 29129944, 288036
batch_normalization_49, BatchNormalization, 29129945, 29208125, 78180
conv2d_55, Conv2D, 29208126, 29488649, 280523
conv2d_52, Conv2D, 29488650, 29768125, 279475
conv2d_51, Conv2D, 29768126, 30298550, 530424
conv2d_60, Conv2D, 30298551, 30831469, 532918
batch_normalization_55, BatchNormalization, 30831470, 30898591, 67121
batch_normalization_52, BatchNormalization, 30898592, 30965213, 66621
batch_normalization_51, BatchNormalization, 30965214, 31043885, 78671
batch_normalization_60, BatchNormalization, 31043886, 31122313, 78427
conv2d_56, Conv2D, 31122314, 31357386, 235072
conv2d_53, Conv2D, 31357387, 31591589, 234202
batch_normalization_56, BatchNormalization, 31591590, 31659140, 67550
batch_normalization_53, BatchNormalization, 31659141, 31726913, 67772
conv2d_57, Conv2D, 31726914, 31960939, 234025
conv2d_54, Conv2D, 31960940, 32248092, 287152
batch_normalization_57, BatchNormalization, 32248093, 32313880, 65787
batch_normalization_54, BatchNormalization, 32313881, 32392647, 78766
conv2d_58, Conv2D, 32392648, 32627678, 235030
batch_normalization_58, BatchNormalization, 32627679, 32694461, 66782
conv2d_59, Conv2D, 32694462, 32978422, 283960
batch_normalization_59, BatchNormalization, 32978423, 33056777, 78354
conv2d_65, Conv2D, 33056778, 33587049, 530271
conv2d_62, Conv2D, 33587050, 34114666, 527616
conv2d_61, Conv2D, 34114667, 34641969, 527302
conv2d_70, Conv2D, 34641970, 35170012, 528042
batch_normalization_65, BatchNormalization, 35170013, 35248088, 78075
batch_normalization_62, BatchNormalization, 35248089, 35327214, 79125
batch_normalization_61, BatchNormalization, 35327215, 35404807, 77592
batch_normalization_70, BatchNormalization, 35404808, 35482426, 77618
conv2d_66, Conv2D, 35482427, 35816477, 334050
conv2d_63, Conv2D, 35816478, 36151527, 335049
batch_normalization_66, BatchNormalization, 36151528, 36229240, 77712
batch_normalization_63, BatchNormalization, 36229241, 36307692, 78451
conv2d_67, Conv2D, 36307693, 36643208, 335515
conv2d_64, Conv2D, 36643209, 37038117, 394908
batch_normalization_67, BatchNormalization, 37038118, 37116097, 77979
batch_normalization_64, BatchNormalization, 37116098, 37194045, 77947
conv2d_68, Conv2D, 37194046, 37529026, 334980
batch_normalization_68, BatchNormalization, 37529027, 37606726, 77699
conv2d_69, Conv2D, 37606727, 37941525, 334798
batch_normalization_69, BatchNormalization, 37941526, 38019604, 78078
conv2d_73, Conv2D, 38019605, 38509479, 489874
conv2d_71, Conv2D, 38509480, 38998739, 489259
batch_normalization_73, BatchNormalization, 38998740, 39076359, 77619
batch_normalization_71, BatchNormalization, 39076360, 39154193, 77833
conv2d_74, Conv2D, 39154194, 39488596, 334402
conv2d_72, Conv2D, 39488597, 39923278, 434681
batch_normalization_74, BatchNormalization, 39923279, 40001498, 78219
batch_normalization_72, BatchNormalization, 40001499, 40028275, 26776
conv2d_75, Conv2D, 40028276, 40363246, 334970
batch_normalization_75, BatchNormalization, 40363247, 40441256, 78009
conv2d_76, Conv2D, 40441257, 40709910, 268653
batch_normalization_76, BatchNormalization, 40709911, 40728519, 18608
conv2d_81, Conv2D, 40728520, 41216671, 488151
conv2d_78, Conv2D, 41216672, 41619988, 403316
conv2d_77, Conv2D, 41619989, 41969703, 349714
conv2d_85, Conv2D, 41969704, 42186049, 216345
batch_normalization_81, BatchNormalization, 42186050, 42222408, 36358
batch_normalization_78, BatchNormalization, 42222409, 42253823, 31414
batch_normalization_77, BatchNormalization, 42253824, 42281191, 27367
batch_normalization_85, BatchNormalization, 42281192, 42299219, 18027
conv2d_82, Conv2D, 42299220, 43453315, 1154095
conv2d_79, Conv2D, 43453316, 43811060, 357744
conv2d_80, Conv2D, 43811061, 44163163, 352102
batch_normalization_82, BatchNormalization, 44163164, 44193184, 30020
batch_normalization_79, BatchNormalization, 44193185, 44226688, 33503
batch_normalization_80, BatchNormalization, 44226689, 44258412, 31723
conv2d_83, Conv2D, 44258413, 44612818, 354405
conv2d_84, Conv2D, 44612819, 44970344, 357525
batch_normalization_83, BatchNormalization, 44970345, 45002586, 32241
batch_normalization_84, BatchNormalization, 45002587, 45035912, 33325
conv2d_90, Conv2D, 45035913, 45781938, 746025
conv2d_87, Conv2D, 45781939, 46460342, 678403
conv2d_86, Conv2D, 46460343, 46995326, 534983
conv2d_94, Conv2D, 46995327, 47372317, 376990
batch_normalization_90, BatchNormalization, 47372318, 47408491, 36173
batch_normalization_87, BatchNormalization, 47408492, 47440501, 32009
batch_normalization_86, BatchNormalization, 47440502, 47468436, 27934
batch_normalization_94, BatchNormalization, 47468437, 47485823, 17386
conv2d_91, Conv2D, 47485824, 48653970, 1168146
conv2d_88, Conv2D, 48653971, 49010000, 356029
conv2d_89, Conv2D, 49010001, 49355377, 345376
batch_normalization_91, BatchNormalization, 49355378, 49385677, 30299
batch_normalization_88, BatchNormalization, 49385678, 49417711, 32033
batch_normalization_89, BatchNormalization, 49417712, 49448417, 30705
conv2d_92, Conv2D, 49448418, 49799727, 351309
conv2d_93, Conv2D, 49799728, 50156815, 357087
batch_normalization_92, BatchNormalization, 50156816, 50188459, 31643
batch_normalization_93, BatchNormalization, 50188460, 50220212, 31752
predictions, Dense, 50220213, 51683099, 1462886
Start, Control, 0, 1, 1
End, Control, 51683100, 51683101, 1
