conv2d_1, Conv2D, 2, 689148, 689146
batch_normalization_1, BatchNormalization, 689149, 1626651, 937502
conv2d_2, Conv2D, 1626652, 2633787, 1007135
batch_normalization_2, BatchNormalization, 2633788, 3580094, 946306
conv2d_3, Conv2D, 3580095, 5028392, 1448297
batch_normalization_3, BatchNormalization, 5028393, 6712762, 1684369
conv2d_4, Conv2D, 6712763, 7232594, 519831
batch_normalization_4, BatchNormalization, 7232595, 7790919, 558324
conv2d_5, Conv2D, 7790920, 9268453, 1477533
batch_normalization_5, BatchNormalization, 9268454, 10527408, 1258954
conv2d_9, Conv2D, 10527409, 10756983, 229574
conv2d_7, Conv2D, 10756984, 10975465, 218481
conv2d_6, Conv2D, 10975466, 11204116, 228650
conv2d_12, Conv2D, 11204117, 11408404, 204287
batch_normalization_9, BatchNormalization, 11408405, 11524039, 115634
batch_normalization_7, BatchNormalization, 11524040, 11609890, 85850
batch_normalization_6, BatchNormalization, 11609891, 11725144, 115253
batch_normalization_12, BatchNormalization, 11725145, 11789460, 64315
conv2d_10, Conv2D, 11789461, 11980010, 190549
conv2d_8, Conv2D, 11980011, 12227314, 247303
batch_normalization_10, BatchNormalization, 12227315, 12387613, 160298
batch_normalization_8, BatchNormalization, 12387614, 12502978, 115364
conv2d_11, Conv2D, 12502979, 12770773, 267794
batch_normalization_11, BatchNormalization, 12770774, 12932028, 161254
conv2d_16, Conv2D, 12932029, 13225484, 293455
conv2d_14, Conv2D, 13225485, 13503112, 277627
conv2d_13, Conv2D, 13503113, 13785639, 282526
conv2d_19, Conv2D, 13785640, 14081708, 296068
batch_normalization_16, BatchNormalization, 14081709, 14197115, 115406
batch_normalization_14, BatchNormalization, 14197116, 14283882, 86766
batch_normalization_13, BatchNormalization, 14283883, 14400080, 116197
batch_normalization_19, BatchNormalization, 14400081, 14515883, 115802
conv2d_17, Conv2D, 14515884, 14709762, 193878
conv2d_15, Conv2D, 14709763, 14956347, 246584
batch_normalization_17, BatchNormalization, 14956348, 15118060, 161712
batch_normalization_15, BatchNormalization, 15118061, 15233678, 115617
conv2d_18, Conv2D, 15233679, 15508166, 274487
batch_normalization_18, BatchNormalization, 15508167, 15667864, 159697
conv2d_23, Conv2D, 15667865, 15985895, 318030
conv2d_21, Conv2D, 15985896, 16289249, 303353
conv2d_20, Conv2D, 16289250, 16604840, 315590
conv2d_26, Conv2D, 16604841, 16920523, 315682
batch_normalization_23, BatchNormalization, 16920524, 17036325, 115801
batch_normalization_21, BatchNormalization, 17036326, 17121299, 84973
batch_normalization_20, BatchNormalization, 17121300, 17235730, 114430
batch_normalization_26, BatchNormalization, 17235731, 17350919, 115188
conv2d_24, Conv2D, 17350920, 17534858, 183938
conv2d_22, Conv2D, 17534859, 17779718, 244859
batch_normalization_24, BatchNormalization, 17779719, 17942256, 162537
batch_normalization_22, BatchNormalization, 17942257, 18058044, 115787
conv2d_25, Conv2D, 18058045, 18335345, 277300
batch_normalization_25, BatchNormalization, 18335346, 18496063, 160717
conv2d_28, Conv2D, 18496064, 18814048, 317984
conv2d_27, Conv2D, 18814049, 21221464, 2407415
batch_normalization_28, BatchNormalization, 21221465, 21336980, 115515
batch_normalization_27, BatchNormalization, 21336981, 21486328, 149347
conv2d_29, Conv2D, 21486329, 21692338, 206009
batch_normalization_29, BatchNormalization, 21692339, 21853307, 160968
conv2d_30, Conv2D, 21853308, 22017821, 164513
batch_normalization_30, BatchNormalization, 22017822, 22059660, 41838
conv2d_35, Conv2D, 22059661, 22326533, 266872
conv2d_32, Conv2D, 22326534, 22572248, 245714
conv2d_31, Conv2D, 22572249, 23064005, 491756
conv2d_40, Conv2D, 23064006, 23599937, 535931
batch_normalization_35, BatchNormalization, 23599938, 23653833, 53895
batch_normalization_32, BatchNormalization, 23653834, 23708748, 54914
batch_normalization_31, BatchNormalization, 23708749, 23787211, 78462
batch_normalization_40, BatchNormalization, 23787212, 23866010, 78798
conv2d_36, Conv2D, 23866011, 24047528, 181517
conv2d_33, Conv2D, 24047529, 24227450, 179921
batch_normalization_36, BatchNormalization, 24227451, 24280925, 53474
batch_normalization_33, BatchNormalization, 24280926, 24334779, 53853
conv2d_37, Conv2D, 24334780, 24470340, 135560
conv2d_34, Conv2D, 24470341, 24713983, 243642
batch_normalization_37, BatchNormalization, 24713984, 24767998, 54014
batch_normalization_34, BatchNormalization, 24767999, 24846509, 78510
conv2d_38, Conv2D, 24846510, 25024635, 178125
batch_normalization_38, BatchNormalization, 25024636, 25079034, 54398
conv2d_39, Conv2D, 25079035, 25321974, 242939
batch_normalization_39, BatchNormalization, 25321975, 25400391, 78416
conv2d_45, Conv2D, 25400392, 25693786, 293394
conv2d_42, Conv2D, 25693787, 25987835, 294048
conv2d_41, Conv2D, 25987836, 26523175, 535339
conv2d_50, Conv2D, 26523176, 27056290, 533114
batch_normalization_45, BatchNormalization, 27056291, 27123647, 67356
batch_normalization_42, BatchNormalization, 27123648, 27190341, 66693
batch_normalization_41, BatchNormalization, 27190342, 27269625, 79283
batch_normalization_50, BatchNormalization, 27269626, 27348410, 78784
conv2d_46, Conv2D, 27348411, 27588670, 240259
conv2d_43, Conv2D, 27588671, 27837704, 249033
batch_normalization_46, BatchNormalization, 27837705, 27903677, 65972
batch_normalization_43, BatchNormalization, 27903678, 27969434, 65756
conv2d_47, Conv2D, 27969435, 28191258, 221823
conv2d_44, Conv2D, 28191259, 28481396, 290137
batch_normalization_47, BatchNormalization, 28481397, 28546883, 65486
batch_normalization_44, BatchNormalization, 28546884, 28625370, 78486
conv2d_48, Conv2D, 28625371, 28835995, 210624
batch_normalization_48, BatchNormalization, 28835996, 28901301, 65305
conv2d_49, Conv2D, 28901302, 29187512, 286210
batch_normalization_49, BatchNormalization, 29187513, 29266302, 78789
conv2d_55, Conv2D, 29266303, 29542024, 275721
conv2d_52, Conv2D, 29542025, 29831027, 289002
conv2d_51, Conv2D, 29831028, 30362893, 531865
conv2d_60, Conv2D, 30362894, 30894696, 531802
batch_normalization_55, BatchNormalization, 30894697, 30960908, 66211
batch_normalization_52, BatchNormalization, 30960909, 31029112, 68203
batch_normalization_51, BatchNormalization, 31029113, 31106960, 77847
batch_normalization_60, BatchNormalization, 31106961, 31185458, 78497
conv2d_56, Conv2D, 31185459, 31427498, 242039
conv2d_53, Conv2D, 31427499, 31667317, 239818
batch_normalization_56, BatchNormalization, 31667318, 31733726, 66408
batch_normalization_53, BatchNormalization, 31733727, 31799860, 66133
conv2d_57, Conv2D, 31799861, 32010832, 210971
conv2d_54, Conv2D, 32010833, 32298854, 288021
batch_normalization_57, BatchNormalization, 32298855, 32364802, 65947
batch_normalization_54, BatchNormalization, 32364803, 32443468, 78665
conv2d_58, Conv2D, 32443469, 32664327, 220858
batch_normalization_58, BatchNormalization, 32664328, 32731938, 67610
conv2d_59, Conv2D, 32731939, 33018491, 286552
batch_normalization_59, BatchNormalization, 33018492, 33096081, 77589
conv2d_65, Conv2D, 33096082, 33622056, 525974
conv2d_62, Conv2D, 33622057, 34148908, 526851
conv2d_61, Conv2D, 34148909, 34676518, 527609
conv2d_70, Conv2D, 34676519, 35202630, 526111
batch_normalization_65, BatchNormalization, 35202631, 35280672, 78041
batch_normalization_62, BatchNormalization, 35280673, 35359188, 78515
batch_normalization_61, BatchNormalization, 35359189, 35437034, 77845
batch_normalization_70, BatchNormalization, 35437035, 35514642, 77607
conv2d_66, Conv2D, 35514643, 35849499, 334856
conv2d_63, Conv2D, 35849500, 36184444, 334944
batch_normalization_66, BatchNormalization, 36184445, 36262252, 77807
batch_normalization_63, BatchNormalization, 36262253, 36340797, 78544
conv2d_67, Conv2D, 36340798, 36676239, 335441
conv2d_64, Conv2D, 36676240, 37075706, 399466
batch_normalization_67, BatchNormalization, 37075707, 37153421, 77714
batch_normalization_64, BatchNormalization, 37153422, 37232453, 79031
conv2d_68, Conv2D, 37232454, 37599054, 366600
batch_normalization_68, BatchNormalization, 37599055, 37676700, 77645
conv2d_69, Conv2D, 37676701, 38011878, 335177
batch_normalization_69, BatchNormalization, 38011879, 38089375, 77496
conv2d_73, Conv2D, 38089376, 38578371, 488995
conv2d_71, Conv2D, 38578372, 39067164, 488792
batch_normalization_73, BatchNormalization, 39067165, 39145647, 78482
batch_normalization_71, BatchNormalization, 39145648, 39223486, 77838
conv2d_74, Conv2D, 39223487, 39568692, 345205
conv2d_72, Conv2D, 39568693, 40004732, 436039
batch_normalization_74, BatchNormalization, 40004733, 40082553, 77820
batch_normalization_72, BatchNormalization, 40082554, 40109849, 27295
conv2d_75, Conv2D, 40109850, 40445166, 335316
batch_normalization_75, BatchNormalization, 40445167, 40523281, 78114
conv2d_76, Conv2D, 40523282, 40791284, 268002
batch_normalization_76, BatchNormalization, 40791285, 40809267, 17982
conv2d_81, Conv2D, 40809268, 41296725, 487457
conv2d_78, Conv2D, 41296726, 41700981, 404255
conv2d_77, Conv2D, 41700982, 42053826, 352844
conv2d_85, Conv2D, 42053827, 42271256, 217429
batch_normalization_81, BatchNormalization, 42271257, 42309051, 37794
batch_normalization_78, BatchNormalization, 42309052, 42339955, 30903
batch_normalization_77, BatchNormalization, 42339956, 42367755, 27799
batch_normalization_85, BatchNormalization, 42367756, 42385643, 17887
conv2d_82, Conv2D, 42385644, 43540773, 1155129
conv2d_79, Conv2D, 43540774, 43894172, 353398
conv2d_80, Conv2D, 43894173, 44253977, 359804
batch_normalization_82, BatchNormalization, 44253978, 44284770, 30792
batch_normalization_79, BatchNormalization, 44284771, 44317103, 32332
batch_normalization_80, BatchNormalization, 44317104, 44349625, 32521
conv2d_83, Conv2D, 44349626, 44706807, 357181
conv2d_84, Conv2D, 44706808, 45064330, 357522
batch_normalization_83, BatchNormalization, 45064331, 45098488, 34157
batch_normalization_84, BatchNormalization, 45098489, 45131061, 32572
conv2d_90, Conv2D, 45131062, 45877459, 746397
conv2d_87, Conv2D, 45877460, 46555809, 678349
conv2d_86, Conv2D, 46555810, 47092911, 537101
conv2d_94, Conv2D, 47092912, 47469902, 376990
batch_normalization_90, BatchNormalization, 47469903, 47506094, 36191
batch_normalization_87, BatchNormalization, 47506095, 47537230, 31135
batch_normalization_86, BatchNormalization, 47537231, 47565698, 28467
batch_normalization_94, BatchNormalization, 47565699, 47583057, 17358
conv2d_91, Conv2D, 47583058, 48749843, 1166785
conv2d_88, Conv2D, 48749844, 49107810, 357966
conv2d_89, Conv2D, 49107811, 49462402, 354591
batch_normalization_91, BatchNormalization, 49462403, 49493394, 30991
batch_normalization_88, BatchNormalization, 49493395, 49524912, 31517
batch_normalization_89, BatchNormalization, 49524913, 49556654, 31741
conv2d_92, Conv2D, 49556655, 49911155, 354500
conv2d_93, Conv2D, 49911156, 50268247, 357091
batch_normalization_92, BatchNormalization, 50268248, 50300826, 32578
batch_normalization_93, BatchNormalization, 50300827, 50332576, 31749
predictions, Dense, 50332577, 51825178, 1492601
Start, Control, 0, 1, 1
End, Control, 51825179, 51825180, 1
